
40.628418, -74.179685
40.62761, -74.174204
40.622395, -74.169316
40.61964, -74.16271
40.624939, -74.161296
40.631397, -74.164907
40.632999, -74.156526
40.6333, -74.145156
40.634702, -74.140726
40.635058, -74.134878
40.637593, -74.133444
40.637567, -74.13106
40.637177, -74.127602
40.633799, -74.130005
40.63163, -74.122893
40.632133, -74.121864
40.632646, -74.117825
40.63383, -74.117427
40.636444, -74.120764
40.628819, -74.11898
40.629848, -74.115007
40.624691, -74.115357
40.620341, -74.112299
40.618439, -74.111141
40.617958, -74.108689
40.615325, -74.10633
40.614611, -74.109325
40.613437, -74.119257
40.607508, -74.119459
40.606792, -74.11862
40.602219, -74.114836
40.599197, -74.112582
40.599006, -74.103918
40.604578, -74.092234
40.61338, -74.092483
40.613842, -74.094032
40.616979, -74.08261
40.623501, -74.081621
40.626465, -74.078075
40.626489, -74.076724
40.624666, -74.075818
40.632942, -74.080606
40.635141, -74.076638
40.638896, -74.076037
40.641149, -74.075996
40.641884, -74.077422
40.643489, -74.075752
40.643854, -74.074252
40.64403, -74.072257
40.643923, -74.081956
40.643775, -74.085701
40.646438, -74.088987
40.640227, -74.094264
40.639064, -74.089827
40.638776, -74.083731
40.630224, -74.087355
40.63063, -74.09159
40.631086, -74.09304
40.626303, -74.092683
40.628371, -74.098722
40.630397, -74.105633
40.634965, -74.106118
40.637223, -74.108079
40.634858, -74.109985
40.641141, -74.104066
40.642035, -74.104639
40.64235, -74.101816
40.642005, -74.100829
40.641752, -74.100666
40.644334, -74.102639
40.64421, -74.105373
40.645093, -74.108608
40.643786, -74.110495
40.640315, -74.136177
40.638584, -74.135851
40.62672217, -74.13207372
40.622895, -74.132722
40.620572, -74.131628
40.613197, -74.130623
40.613312, -74.137374
40.610547, -74.143967
40.617252, -74.145803
40.622264, -74.146963
40.614177, -74.157569
40.612709, -74.156387
40.606604, -74.158334
40.60571, -74.156786
40.604861, -74.155456
40.604293, -74.158953
40.603294, -74.150579
40.601839, -74.150268
40.603556, -74.148467
40.599045, -74.148862
40.597527, -74.148902
40.596676, -74.150521
40.598094, -74.150952
40.597017, -74.154258
40.591979, -74.15106
40.590439, -74.145584
40.588375, -74.138904
40.590745, -74.133179
40.592783, -74.135059
40.598722, -74.130879
40.599487, -74.132002
40.595135, -74.126533
40.590741, -74.1263
40.586933, -74.127273
40.584564, -74.12712
40.582195, -74.117244
40.575971, -74.119114
40.575095, -74.118072
40.574228, -74.116953
40.573325, -74.114878
40.57157, -74.120326
40.568297, -74.125882
40.569264, -74.127689
40.570521, -74.131937
40.566649, -74.130983
40.564262, -74.130821
40.560398, -74.123986
40.545177, -74.127566
40.54374, -74.127517
40.533153, -74.135532
40.533019, -74.136969
40.53608, -74.157073
40.527746, -74.16109
40.529609, -74.176933
40.528812, -74.177467
40.530743, -74.177443
40.530163, -74.189647
40.522402, -74.190016
40.516066, -74.19094
40.515975, -74.190208
40.511863, -74.198887
40.512251, -74.199889
40.507331, -74.213905
40.508461, -74.217253
40.504469, -74.216842
40.503659, -74.217901
40.503085, -74.228582
40.512972, -74.219292
40.524126, -74.212707
40.526184, -74.202125
40.535123, -74.211791
40.541536, -74.211613
40.543033, -74.207328
40.543358, -74.197682
40.551528, -74.18982
40.5515, -74.185041
40.555109, -74.183068
40.549045, -74.173736
40.54101, -74.177521
40.540931, -74.178634
40.560116, -74.170047
40.561548, -74.171604
40.56665, -74.153233
40.570899, -74.146884
40.571858, -74.145119
40.576732, -74.163958
40.577508, -74.169254
40.578906, -74.18711
40.589726, -74.187435
40.594275, -74.190908
40.604816, -74.180236
40.610144, -74.177577
40.612244, -74.177088
40.615713, -74.173499
40.61832, -74.175608
40.610523, -74.183614
40.594743, -74.162188
40.594461, -74.16168
40.593346, -74.164056
40.592747, -74.163631
40.552244, -74.154974
40.549751, -74.150876
40.546783, -74.152144
40.559686, -74.196967
40.557351, -74.207542
40.551298, -74.213791
40.549627, -74.212639
40.554029, -74.21776
40.554641, -74.217103
40.542188, -74.218277
40.54107, -74.227647
40.539577, -74.230316
40.540566, -74.232237
40.5383, -74.232463
40.539511, -74.237645
40.533127, -74.237612
40.524466, -74.238959
40.520229, -74.236657
40.524479, -74.230599
40.510132, -74.243736
40.509534, -74.24718
40.499921, -74.249125
40.558745, -74.102649
40.564592, -74.097415
40.568711, -74.091362
40.568598, -74.090766
40.574388, -74.084912
40.575465, -74.085794
40.576104, -74.093306
40.582201, -74.090995
40.584768, -74.088956
40.584446, -74.086559
40.590791, -74.083326
40.59226, -74.087187
40.5951, -74.081376
40.596138, -74.079259
40.594626, -74.077395
40.592089, -74.077894
40.589287, -74.079124
40.58792, -74.07627
40.59289, -74.070697
40.589131, -74.067586
40.59083, -74.064831
40.593692, -74.060837
40.597174, -74.059496
40.598483, -74.058035
40.598573, -74.056671
40.6042, -74.054218
40.606699, -74.056972
40.604369, -74.063144
40.598502, -74.065477
40.608112, -74.07666
40.611962, -74.074674
40.612564, -74.071428
40.612414, -74.064746
40.615582, -74.062872
40.618399, -74.039302
40.620553, -74.038178
40.62467, -74.039311
40.626363, -74.036155
40.627755, -74.040247
40.628552, -74.031784
40.63058, -74.030922
40.631228, -74.028042
40.632234, -74.025019
40.634747, -74.026265
40.635246, -74.026411
40.636005, -74.026552
40.635449, -74.023624
40.636945, -74.023386
40.636682, -74.022285
40.636393, -74.020838
40.638101, -74.022755
40.639769, -74.023932
40.639906, -74.024302
40.639022, -74.019794
40.640469, -74.019121
40.638748, -74.016377
40.638843, -74.014908
40.643361, -74.01516
40.644033, -74.015988
40.64588, -74.020122
40.643195, -74.022061
40.646261, -74.025795
40.640919, -74.030221
40.638467, -74.030712
40.639522, -74.033607
40.637866, -74.036674
40.632946, -74.03161
40.633638, -74.029722
40.628869, -74.023451
40.626418, -74.024247
40.625353, -74.024386
40.62253, -74.028292
40.623333, -74.030942
40.625954, -74.030214
40.619076, -74.028081
40.617749, -74.030244
40.611053, -74.032577
40.60828, -74.031792
40.608001, -74.031315
40.607701, -74.032434
40.608109, -74.027813
40.608787, -74.023571
40.605816, -74.024698
40.604817, -74.020586
40.605368, -74.018061
40.606581, -74.017252
40.610156, -74.014824
40.612526, -74.012403
40.617839, -74.016903
40.625098, -74.017667
40.626396, -74.017793
40.62793, -74.017067
40.629323, -74.015838
40.627852, -74.013117
40.626479, -74.01164
40.629515, -74.0113
40.630513, -74.010817
40.630506, -74.011826
40.630622, -74.007374
40.632711, -74.005899
40.633515, -74.006119
40.634066, -74.008542
40.635306, -74.007502
40.635727, -74.009135
40.636587, -74.009667
40.636877, -74.007408
40.637833, -74.005609
40.638602, -74.005797
40.639401, -74.003678
40.641267, -74.004113
40.641511, -74.001449
40.640072, -74.001055
40.63856, -74.001121
40.636941, -73.999873
40.636686, -74.000604
40.636432, -74.003322
40.635212, -74.002863
40.634498, -73.994454
40.633113, -73.99342
40.630719, -73.994201
40.630201, -73.99484
40.62954, -73.995194
40.628895, -73.996322
40.62814, -74.002699
40.626881, -74.003295
40.625086, -74.003345
40.622066, -73.998313
40.619316, -73.999565
40.615182, -74.00188
40.613139, -73.999931
40.610395, -74.000342
40.610074, -73.999518
40.609974, -74.001482
40.610789, -74.002488
40.607594, -74.001849
40.604305, -74.001984
40.602744, -74.002372
40.601663, -74.001697
40.599554, -73.999064
40.597829, -73.999167
40.597463, -73.998626
40.598156, -73.996981
40.59728, -73.99571
40.594216, -73.994813
40.595159, -73.992057
40.596703, -73.989538
40.598369, -73.987551
40.597512, -73.986652
40.598842, -73.98523
40.600801, -73.982286
40.599252, -73.976846
40.597041, -73.979143
40.596009, -73.978534
40.595289, -73.975079
40.594222, -73.973823
40.593059, -73.973578
40.594472, -73.971724
40.597368, -73.970441
40.599878, -73.97172
40.599543, -73.972746
40.60164, -73.974449
40.602289, -73.97263
40.6021, -73.972389
40.604203, -73.973145
40.603821, -73.975905
40.604878, -73.978377
40.605329, -73.980483
40.608256, -73.978935
40.610404, -73.979003
40.610535, -73.980533
40.611225, -73.981731
40.613184, -73.980009
40.61528, -73.979362
40.616676, -73.977033
40.616367, -73.974269
40.617536, -73.973575
40.618706, -73.974697
40.619886, -73.972565
40.620494, -73.970498
40.623337, -73.969932
40.621123, -73.974494
40.623121, -73.975527
40.624884, -73.9805
40.624591, -73.983977
40.625363, -73.986457
40.624076, -73.988817
40.623904, -73.989102
40.626536, -73.990088
40.629247, -73.98755
40.632836, -73.987425
40.63589, -73.988925
40.637228, -73.987966
40.63665, -73.984005
40.633498, -73.98182
40.631516, -73.980666
40.631224, -73.980931
40.629561, -73.982758
40.627667, -73.981803
40.62926, -73.979294
40.632321, -73.976974
40.633393, -73.97613
40.633505, -73.975502
40.633686, -73.973754
40.63412, -73.973838
40.632252, -73.974271
40.635413, -73.978303
40.641893, -73.981169
40.644958, -73.980025
40.645986, -73.980214
40.647125, -73.980181
40.645963, -73.984501
40.644172, -73.985319
40.644663, -73.987416
40.645486, -73.989449
40.644657, -73.994597
40.646083, -73.99476
40.646953, -73.998453
40.644641, -73.999055
40.641836, -73.995804
40.642322, -73.994687
40.640662, -73.990648
40.640387, -73.986644
40.649867, -73.975816
40.651143, -73.975951
40.652017, -73.977426
40.65426, -73.976554
40.659456, -73.977643
40.659537, -73.976526
40.65965, -73.975872
40.662327, -73.974756
40.663103, -73.976955
40.662879, -73.981726
40.661765, -73.982674
40.659664, -73.980872
40.656807, -73.987768
40.656562, -73.988309
40.657339, -73.989915
40.656656, -73.992122
40.657354, -73.995921
40.655943, -73.996732
40.654384, -73.999568
40.654185, -74.001067
40.654248, -74.004144
40.655123, -74.005941
40.650264, -74.002556
40.647492, -74.003121
40.644085, -74.004031
40.643365, -74.007671
40.641696, -74.01014
40.645863, -74.009886
40.648331, -74.010948
40.649547, -74.009618
40.651773, -74.014029
40.653814, -73.993531
40.654683, -73.988817
40.653079, -73.988762
40.660436, -73.990631
40.661077, -73.993105
40.660963, -73.993639
40.663197, -73.992199
40.66331, -73.991191
40.662481, -73.988491
40.665327, -73.989358
40.666602, -73.987761
40.668032, -73.988968
40.667133, -73.990584
40.670394, -73.98703
40.669872, -73.985496
40.668437, -73.98442
40.668242, -73.983494
40.667754, -73.981126
40.668132, -73.979154
40.66719, -73.977848
40.670736, -73.978741
40.672654, -73.97962
40.671016, -73.981573
40.672754, -73.983469
40.673757, -73.985463
40.672597, -73.986163
40.673188, -73.989726
40.673072, -73.990465
40.67335, -73.991585
40.674064, -73.991334
40.672103, -73.990331
40.674243, -73.996925
40.672852, -73.999548
40.671522, -74.000997
40.670817, -74.001624
40.673232, -74.003404
40.675488, -74.003755
40.675914, -74.002288
40.678146, -74.004892
40.679898, -74.003099
40.682448, -74.00182
40.684286, -74.002939
40.684638, -74.003477
40.684756, -74.003832
40.684958, -74.002638
40.684668, -73.998235
40.681375, -73.997485
40.681065, -73.996302
40.680827, -73.996132
40.681094, -73.995441
40.680498, -73.994573
40.680343, -73.997328
40.678502, -73.993214
40.681272, -73.990686
40.682825, -73.988979
40.682846, -73.98749
40.680425, -73.98634
40.679743, -73.984634
40.677733, -73.984138
40.678017, -73.982179
40.675894, -73.980984
40.675445, -73.978249
40.675987, -73.975051
40.677151, -73.972618
40.676223, -73.971993
40.673021, -73.974025
40.672277, -73.96959
40.67131, -73.969718
40.671714, -73.965482
40.671301, -73.96412
40.671504, -73.963971
40.672181, -73.963645
40.671832, -73.962307
40.670355, -73.964044
40.669132, -73.962955
40.668476, -73.962259
40.668361, -73.960405
40.665482, -73.95997
40.664603, -73.958495
40.661617, -73.960519
40.65887, -73.960102
40.658327, -73.960312
40.658303, -73.96151
40.658607, -73.964116
40.656684, -73.965904
40.653368, -73.967181
40.655033, -73.961715
40.654425, -73.961044
40.656473, -73.959791
40.654936, -73.956475
40.656722, -73.954937
40.65826, -73.955576
40.6623, -73.953284
40.663229, -73.953678
40.665034, -73.953653
40.666406, -73.953844
40.667099, -73.9509
40.668153, -73.950792
40.670293, -73.953444
40.67052, -73.955522
40.67102584, -73.95769896
40.673306, -73.953995
40.673477, -73.952218
40.672514, -73.951638
40.674405, -73.949899
40.676053, -73.950127
40.678472, -73.948978
40.67789, -73.952697
40.677283, -73.953704
40.678531, -73.955042
40.676787, -73.956127
40.676169, -73.956762
40.676157, -73.959563
40.678116, -73.962414
40.678376, -73.962695
40.681419, -73.961866
40.681497, -73.964342
40.683646, -73.964716
40.683651, -73.963679
40.684361, -73.965867
40.684412, -73.966956
40.683294, -73.966772
40.681081, -73.96864
40.68071, -73.968296
40.679134, -73.967194
40.680654, -73.97327
40.680299, -73.974869
40.678386, -73.976757
40.682232, -73.977127
40.683516, -73.978628
40.683387, -73.979212
40.684435, -73.977637
40.685093, -73.97802
40.686636, -73.978096
40.68642, -73.980045
40.686761, -73.980508
40.686919, -73.982531
40.685445, -73.982869
40.688016, -73.986771
40.687649, -73.987181
40.685871, -73.98852
40.685301, -73.99118
40.687056, -73.991551
40.687814, -73.99416
40.689725, -73.99521
40.691652, -73.996674
40.694317, -73.994933
40.695152, -73.993301
40.696018, -73.995849
40.69619, -73.9975
40.695481, -73.99755
40.694787, -73.999014
40.69494, -74.000537
40.693041, -74.001487
40.692623, -74.001485
40.692227, -74.001837
40.698166, -73.999099
40.69953, -73.998704
40.700254, -73.994392
40.699943, -73.993703
40.697635, -73.993928
40.696548, -73.990567
40.697035, -73.989851
40.697381, -73.989849
40.697716, -73.988927
40.697002, -73.987965
40.698092, -73.987079
40.697877, -73.985124
40.699098, -73.985199
40.699887, -73.987277
40.700597, -73.987853
40.700778, -73.988867
40.70114, -73.98935
40.701533, -73.988359
40.701105, -73.986943
40.70243, -73.985181
40.704768, -73.987128
40.704039, -73.989612
40.704808, -73.990195
40.70317, -73.98907
40.700038, -73.989967
40.695762, -73.989787
40.69397, -73.990826
40.693686, -73.988399
40.69484, -73.987341
40.69349, -73.986054
40.693791, -73.985266
40.6947, -73.983371
40.694381, -73.981351
40.693667, -73.981117
40.692143, -73.980814
40.692208, -73.984395
40.69096, -73.98597
40.690469, -73.985233
40.692463, -73.987209
40.691939, -73.991529
40.695299, -73.981102
40.696656, -73.977734
40.697732, -73.976046
40.697372, -73.970581
40.695496, -73.970399
40.693934, -73.972877
40.693312, -73.975936
40.691536, -73.974511
40.689586, -73.975183
40.690656, -73.977178
40.689109, -73.978609
40.687563, -73.973755
40.687242, -73.973289
40.686999, -73.973449
40.686121, -73.973294
40.687379, -73.972388
40.684505, -73.970418
40.687951, -73.964564
40.690002, -73.964407
40.690603, -73.964369
40.689943, -73.967121
40.692851, -73.968957
40.696259, -73.966621
40.698917, -73.965451
40.700578, -73.96213
40.702936, -73.962608
40.703958, -73.963334
40.704409, -73.961257
40.702371, -73.956809
40.703176, -73.950415
40.704173, -73.949501
40.705453, -73.949801
40.705836, -73.950476
40.708978, -73.953027
40.710736, -73.9518
40.712212, -73.9534
40.713396, -73.951972
40.713894, -73.954298
40.713538, -73.954799
40.714286, -73.954913
40.714355, -73.956497
40.715856, -73.957328
40.716137, -73.958143
40.71682, -73.957447
40.718426, -73.957349
40.718879, -73.956681
40.719194, -73.955665
40.719591, -73.955938
40.718434, -73.954103
40.716957, -73.954636
40.715437, -73.952601
40.710693, -73.955138
40.709901, -73.957291
40.711619, -73.957725
40.712954, -73.958981
40.71433, -73.959657
40.715595, -73.9622
40.716467, -73.961682
40.715599, -73.964391
40.716233, -73.9658
40.716654, -73.966818
40.714267, -73.968254
40.712904, -73.96635
40.711126, -73.96647
40.711483, -73.963745
40.71277, -73.963402
40.710772, -73.959726
40.707852, -73.955957
40.708401, -73.945908
40.708819, -73.94429
40.709009, -73.943351
40.711307, -73.940561
40.712154, -73.942217
40.713258, -73.941543
40.713971, -73.939497
40.716069, -73.939606
40.716259, -73.941703
40.715562, -73.942685
40.715248, -73.942899
40.715305, -73.942355
40.713603, -73.945418
40.712005, -73.946671
40.711738, -73.945487
40.712099, -73.938042
40.710946, -73.935133
40.709581, -73.934455
40.708648, -73.936586
40.70855, -73.937566
40.706952, -73.939335
40.705435, -73.93884
40.705728, -73.937459
40.705156, -73.935723
40.704639, -73.935583
40.704834, -73.934221
40.704086, -73.933632
40.705215, -73.931663
40.705759, -73.930659
40.706935, -73.931444
40.706009, -73.935082
40.700761, -73.933274
40.699735, -73.936313
40.696121, -73.9343
40.696258, -73.93912
40.697417, -73.941279
40.697444, -73.94453
40.696864, -73.944728
40.698966, -73.945463
40.699471, -73.945646
40.699274, -73.946314
40.694655, -73.947272
40.694346, -73.94696
40.693585, -73.946073
40.692604, -73.948124
40.694165, -73.948846
40.693674, -73.951934
40.691848, -73.951735
40.69172, -73.956489
40.690477, -73.957194
40.68855, -73.955482
40.687343, -73.954542
40.686513, -73.954306
40.686098, -73.957292
40.686977, -73.957597
40.683955, -73.956148
40.683089, -73.953966
40.682224, -73.954284
40.681312, -73.956981
40.68184, -73.943749
40.682162, -73.940928
40.683223, -73.937919
40.685056, -73.940279
40.686471, -73.940271
40.687591, -73.94203
40.686603, -73.944652
40.685865, -73.944319
40.690061, -73.945989
40.691331, -73.940093
40.690384, -73.938825
40.691332, -73.936797
40.692775, -73.936894
40.692402, -73.935219
40.692793, -73.931749
40.694395, -73.929299
40.697475, -73.929277
40.698911, -73.93049
40.699633, -73.929627
40.700304, -73.928853
40.699503, -73.927344
40.70153, -73.927043
40.70306, -73.925315
40.702142, -73.923888
40.702068, -73.921555
40.702681, -73.920637
40.700358, -73.921436
40.699518, -73.922922
40.698348, -73.921306
40.699083, -73.919552
40.69705, -73.919509
40.695743, -73.919528
40.69562, -73.917095
40.697393, -73.917688
40.69757, -73.914012
40.696976, -73.912207
40.695713, -73.911775
40.69501, -73.910911
40.694846, -73.913138
40.693075, -73.912459
40.692051, -73.910346
40.692744, -73.909495
40.692839, -73.908021
40.692098, -73.906352
40.689757, -73.905537
40.690416, -73.910727
40.687112, -73.910209
40.686203, -73.911134
40.682874, -73.911826
40.680287, -73.913788
40.683069, -73.917336
40.682505, -73.920043
40.684999, -73.918896
40.685373, -73.9204
40.687232, -73.920992
40.688627, -73.921017
40.690608, -73.918274
40.690487, -73.916235
40.691165, -73.915614
40.692843, -73.920901
40.693277, -73.92512
40.690751, -73.925161
40.691234, -73.927114
40.690282, -73.92899
40.690445, -73.930418
40.68934, -73.930564
40.689234, -73.9297
40.688116, -73.926805
40.687187, -73.927072
40.686118, -73.926047
40.688024, -73.925077
40.684854, -73.928982
40.68318, -73.930803
40.681443, -73.928908
40.681074, -73.928808
40.679271, -73.927714
40.674767, -73.927493
40.673902, -73.922316
40.678179, -73.920832
40.678753, -73.92155
40.679317, -73.919999
40.67781, -73.917846
40.675724, -73.916361
40.673896, -73.911887
40.673863, -73.911047
40.674464, -73.910904
40.672728, -73.909385
40.67548, -73.908353
40.675381, -73.90625
40.677115, -73.904908
40.675929, -73.903023
40.672137, -73.905104
40.667484, -73.90666
40.664555, -73.90537
40.664764, -73.90401
40.6654, -73.910395
40.667178, -73.91076
40.66876, -73.911721
40.663371, -73.920664
40.661721, -73.923796
40.660135, -73.925403
40.659854, -73.922284
40.660247, -73.920626
40.660672, -73.91783
40.658659, -73.914283
40.655002, -73.916713
40.645856, -73.910304
40.645182, -73.905964
40.643893, -73.904045
40.64484, -73.90026
40.641819, -73.899842
40.637248, -73.897297
40.636195, -73.898925
40.628967, -73.897436
40.626229, -73.89795
40.631898, -73.890986
40.632367, -73.887754
40.633166, -73.887186
40.633293, -73.884658
40.628412, -73.882927
40.637297, -73.874819
40.640603, -73.872915
40.642181, -73.878601
40.643263, -73.879272
40.643119, -73.881459
40.642632, -73.885358
40.643982, -73.886941
40.645089, -73.88814
40.646225, -73.881993
40.648302, -73.881423
40.648968, -73.878327
40.650808, -73.881013
40.652019, -73.881934
40.653141, -73.883192
40.654984, -73.883347
40.657536, -73.882063
40.661282, -73.881024
40.661849, -73.880505
40.66291, -73.881213
40.663941, -73.88435
40.665137, -73.886826
40.665842, -73.886862
40.665006, -73.89165
40.664729, -73.89294
40.663139, -73.894188
40.661452, -73.888372
40.656581, -73.887771
40.650368, -73.89135
40.651184, -73.898994
40.655814, -73.900196
40.656889, -73.902591
40.667817, -73.895485
40.668555, -73.894858
40.667742, -73.892731
40.674064, -73.895302
40.674445, -73.896723
40.675197, -73.896896
40.679363, -73.89425
40.680125, -73.890095
40.679369, -73.886804
40.674884, -73.885267
40.674184, -73.884267
40.673219, -73.887805
40.67496, -73.889686
40.671381, -73.881332
40.667325, -73.88082
40.674482, -73.877504
40.675205, -73.872513
40.675677, -73.870802
40.672787, -73.872731
40.669982, -73.870739
40.675387, -73.863228
40.67797, -73.863817
40.686542, -73.853796
40.689427, -73.851768
40.692183, -73.856971
40.692979, -73.859411
40.692555, -73.86083
40.700012, -73.857665
40.701186, -73.856441
40.701509, -73.855015
40.700279, -73.855033
40.700848, -73.853339
40.700503, -73.85242
40.702668, -73.851486
40.704284, -73.849464
40.707791, -73.847205
40.709984, -73.849154
40.707294, -73.85455
40.706091, -73.85589
40.711226, -73.85812
40.708187, -73.863083
40.710284, -73.866682
40.70802415, -73.86921827
40.709554, -73.870539
40.712444, -73.873612
40.713889, -73.870065
40.715916, -73.867681
40.717667, -73.869885
40.719336, -73.871417
40.718517, -73.872785
40.720353, -73.874877
40.721499, -73.87662
40.721218, -73.877549
40.71968, -73.878426
40.719618, -73.879741
40.719317, -73.880224
40.719413, -73.88117
40.72043, -73.880863
40.721321, -73.88024
40.720949, -73.884465
40.718655, -73.884437
40.715965, -73.886482
40.712569, -73.883009
40.712824, -73.879137
40.709914, -73.879779
40.705589, -73.875578
40.704149, -73.876709
40.702061, -73.878104
40.701394, -73.878932
40.698708, -73.880584
40.70091, -73.883877
40.703416, -73.886625
40.707812, -73.891288
40.70644, -73.89678
40.709298, -73.898852
40.710173, -73.896638
40.712491, -73.897981
40.714949, -73.901106
40.714019, -73.902739
40.713607, -73.903556
40.712787, -73.906483
40.713094, -73.910386
40.708118, -73.915521
40.706736, -73.914188
40.706054, -73.910489
40.705457, -73.909912
40.706225, -73.90804
40.706025, -73.905861
40.70483, -73.902966
40.704588, -73.902054
40.704573, -73.901425
40.701372, -73.905508
40.700717, -73.904958
40.698083, -73.905801
40.697223, -73.906989
40.694818, -73.906168
40.694923, -73.903976
40.695317, -73.903045
40.694409, -73.902242
40.693202, -73.901275
40.694018, -73.897397
40.698282, -73.89104
40.701127, -73.893494
40.700967, -73.893837
40.702977, -73.8952
40.700337, -73.909168
40.69834, -73.912362
40.703206, -73.916915
40.708221, -73.919731
40.708085, -73.921208
40.708478, -73.922821
40.709044, -73.923907
40.70995, -73.922882
40.709459, -73.922049
40.711026, -73.919979
40.708709, -73.925652
40.706264, -73.927363
40.705164, -73.924151
40.706109, -73.92343
40.697911, -73.925014
40.68955, -73.935443
40.688745, -73.934831
40.687079, -73.937377
40.68688, -73.932322
40.693151, -73.940239
40.693833, -73.940373
40.69605, -73.951013
40.697101, -73.959972
40.712881, -73.976293
40.713176, -73.980023
40.715078, -73.979723
40.715968, -73.981485
40.716781, -73.979119
40.717441, -73.979616
40.72018, -73.980638
40.722357, -73.982121
40.722352, -73.982625
40.722708, -73.982815
40.722827, -73.98175
40.724227, -73.982162
40.724796, -73.982505
40.725212, -73.981759
40.725726, -73.981542
40.72538, -73.980863
40.724808, -73.980423
40.72418, -73.979428
40.724235, -73.978404
40.724016, -73.977811
40.722941, -73.977806
40.72116, -73.97596
40.720721, -73.975476
40.722957, -73.973473
40.724614, -73.97275
40.725697, -73.975745
40.726062, -73.977745
40.725582, -73.977877
40.725113, -73.978972
40.727435, -73.977688
40.728815, -73.977103
40.729071, -73.979572
40.729507, -73.982219
40.729614, -73.982725
40.729177, -73.983309
40.726638, -73.983279
40.726347, -73.98225
40.726624, -73.984784
40.727981, -73.986558
40.727681, -73.987622
40.72879, -73.988456
40.72987, -73.989981
40.730424, -73.989881
40.730933, -73.989494
40.730768, -73.991405
40.730146, -73.994594
40.73132, -73.995212
40.731332, -73.996005
40.733055, -73.99487
40.7343, -73.994672
40.734321, -73.993898
40.73519, -73.99374
40.735462, -73.992733
40.736734, -73.992913
40.737339, -73.994896
40.737762, -73.996375
40.73698, -73.9964
40.735629, -73.996993
40.735112, -73.997943
40.734495, -73.999735
40.733943, -73.999174
40.732529, -74.000577
40.732331, -74.001627
40.732174, -74.002294
40.732594, -74.002968
40.73357, -74.00247
40.734922, -74.003382
40.735865, -74.005048
40.735355, -74.005895
40.736252, -74.007386
40.736889, -74.007663
40.73679, -74.009185
40.735319, -74.008906
40.738274, -74.009512
40.738347, -74.011056
40.739636, -74.008988
40.741622, -74.010302
40.744924, -74.008719
40.744167, -74.006951
40.742413, -74.005371
40.740853, -74.004537
40.740249, -74.00409
40.740002, -74.005018
40.739562, -74.001828
40.739943, -74.001241
40.739246, -74.00093
40.739482, -73.998006
40.740189, -73.997792
40.741477, -73.996768
40.742642, -73.99821
40.743674, -73.996905
40.744316, -73.99525
40.745062, -73.994747
40.746641, -73.994019
40.746259, -73.993172
40.745846, -73.992474
40.745004, -73.992086
40.747039, -73.990543
40.747895, -73.991194
40.748088, -73.993583
40.749159, -73.994284
40.749286, -73.994807
40.750548, -73.99569
40.751541, -73.99318
40.752779, -73.994327
40.75318, -73.994061
40.753842, -73.993926
40.75412498, -73.99250141
40.754573, -73.992018
40.755171, -73.991115
40.754904, -73.990229
40.755839, -73.990147
40.756636, -73.987712
40.756504, -73.986474
40.75799862, -73.98894971
40.758178, -73.989665
40.759282, -73.989057
40.758872, -73.987877
40.759292, -73.990427
40.760163, -73.992919
40.761444, -73.995498
40.760852, -73.996577
40.760794, -73.997651
40.762932, -73.996986
40.763773, -73.997158
40.763982, -73.998552
40.764964, -73.999727
40.764719, -74.000813
40.764194, -74.001776
40.765568, -74.002281
40.764252, -73.994371
40.765016, -73.991353
40.766202, -73.991317
40.767061, -73.989409
40.769165, -73.98828
40.769864, -73.987733
40.770745, -73.988895
40.771892, -73.989465
40.772902, -73.991194
40.773112, -73.993575
40.770672, -73.993114
40.774082, -73.98842
40.776707, -73.989509
40.777498, -73.989893
40.776767, -73.98587
40.778725, -73.985106
40.779241, -73.982816
40.778352, -73.982306
40.77802, -73.981828
40.777395, -73.981048
40.776512, -73.980501
40.77473, -73.981921
40.774014, -73.98105
40.773611, -73.981376
40.773596, -73.98187
40.773999, -73.980164
40.772943, -73.980243
40.773143, -73.977798
40.772373, -73.977395
40.772756, -73.976297
40.772878, -73.975149
40.772909, -73.974634
40.770713, -73.973503
40.771506, -73.972015
40.772894, -73.970479
40.774715, -73.969325
40.774598, -73.968942
40.775272, -73.968873
40.77679, -73.968756
40.777436, -73.968654
40.776989, -73.969749
40.778695, -73.967674
40.78046278, -73.9659649
40.780656, -73.962882
40.782278, -73.962715
40.783829, -73.964796
40.784293, -73.96849
40.783195, -73.970413
40.783116, -73.971078
40.782863, -73.971327
40.782229, -73.971726
40.78189, -73.972041
40.783611, -73.973161
40.784268, -73.973064
40.783892, -73.972229
40.784569, -73.971547
40.787004, -73.971072
40.788632, -73.972947
40.789415, -73.972794
40.789854, -73.9724
40.79096, -73.973093
40.791621, -73.974744
40.792573, -73.975339
40.792351, -73.972571
40.793263, -73.972268
40.794966, -73.970618
40.795835, -73.971242
40.796661, -73.970102
40.796802, -73.969085
40.796458, -73.968798
40.795728, -73.968975
40.795544, -73.968343
40.797444, -73.970621
40.798105, -73.969523
40.798544, -73.968035
40.799387, -73.96923
40.800371, -73.971504
40.800229, -73.97241
40.800605, -73.973474
40.80084, -73.973796
40.801084, -73.971394
40.801765, -73.97089
40.804782, -73.97069
40.806546, -73.966558
40.806975, -73.964971
40.806967, -73.964034
40.805993, -73.962843
40.805635, -73.96449
40.805057, -73.964992
40.804525, -73.963382
40.803294, -73.961143
40.801996, -73.960806
40.80120065, -73.95946589
40.800544, -73.96024
40.799052, -73.962734
40.797476, -73.963846
40.798578, -73.965185
40.799054, -73.965851
40.799766, -73.965976
40.800194, -73.966123
40.803784, -73.966069
40.803034, -73.95905
40.805696, -73.958386
40.806891, -73.957705
40.807492, -73.957316
40.807869, -73.959323
40.809519, -73.960274
40.809876, -73.961754
40.809234, -73.963516
40.813137, -73.962432
40.813724, -73.96246
40.81608, -73.958361
40.816776, -73.955657
40.818342, -73.957863
40.819473, -73.961127
40.823054, -73.955804
40.822339, -73.952311
40.820659, -73.950802
40.820906, -73.949478
40.822014, -73.949563
40.819706, -73.944056
40.817707, -73.943605
40.817857, -73.94231
40.816779, -73.941498
40.816728, -73.939336
40.815081, -73.938958
40.81682, -73.936352
40.81778, -73.935674
40.818835, -73.937641
40.820065, -73.939149
40.820784, -73.938927
40.821372, -73.93656
40.821197, -73.936137
40.825209, -73.937528
40.826166, -73.939083
40.827949, -73.939675
40.827264, -73.942192
40.826464, -73.941936
40.828589, -73.942465
40.828944, -73.94283
40.829251, -73.943694
40.829626, -73.942059
40.830588, -73.941182
40.830959, -73.94183
40.830994, -73.943577
40.832443, -73.94261
40.834369, -73.941142
40.835068, -73.941238
40.836251, -73.942089
40.836576, -73.944336
40.835954, -73.944842
40.834448, -73.947722
40.836066, -73.949462
40.838672, -73.948406
40.838732, -73.948677
40.841107, -73.944984
40.841514, -73.943062
40.841209, -73.942388
40.840767, -73.940817
40.840127, -73.940151
40.839765, -73.939574
40.840237, -73.937958
40.841864, -73.939509
40.843854, -73.941189
40.845146, -73.938969
40.844716, -73.938618
40.845377, -73.936036
40.846876, -73.936154
40.848851, -73.934928
40.849151, -73.933727
40.85109, -73.934675
40.850567, -73.93855
40.852029, -73.939903
40.847069, -73.941344
40.846002, -73.941096
40.845279, -73.946202
40.847264, -73.946307
40.838389, -73.943304
40.836851, -73.938914
40.838241, -73.937119
40.837722, -73.936164
40.83369, -73.935824
40.832665, -73.935788
40.832938, -73.939325
40.8287, -73.945726
40.827413, -73.948971
40.828246, -73.95372
40.821808, -73.941702
40.82124, -73.941942
40.816316, -73.946532
40.814122, -73.946624
40.814564, -73.944469
40.814887, -73.943713
40.813164, -73.944351
40.811936, -73.942743
40.810607, -73.942256
40.810191, -73.941201
40.808823, -73.939786
40.807985, -73.941245
40.80753, -73.941643
40.806397, -73.939925
40.806886, -73.939125
40.804944, -73.940585
40.803708, -73.942283
40.802884, -73.943245
40.802636, -73.944769
40.802755, -73.945117
40.803017, -73.944918
40.801086, -73.946802
40.801573, -73.94817
40.800728, -73.948495
40.800635, -73.952635
40.801941, -73.953163
40.80013, -73.954492
40.799475, -73.953735
40.798207, -73.955685
40.797214, -73.958361
40.795446, -73.955911
40.795551, -73.953119
40.794832, -73.952198
40.793093, -73.951368
40.791883, -73.953099
40.790766, -73.954955
40.789811, -73.952086
40.789389, -73.951667
40.788504, -73.952756
40.787594, -73.950447
40.788126, -73.947412
40.78798, -73.946177
40.789394, -73.946384
40.789952, -73.946603
40.790519, -73.946411
40.79046, -73.944719
40.78932, -73.943709
40.792671, -73.944937
40.794196, -73.943103
40.79554, -73.942486
40.797252, -73.942181
40.799427, -73.941567
40.799216, -73.94077
40.800168, -73.942315
40.80052, -73.944283
40.79719, -73.946299
40.797283, -73.94987
40.797508, -73.951011
40.797557, -73.952362
40.800771, -73.956255
40.805066, -73.955189
40.807131, -73.954018
40.80755, -73.950726
40.806405, -73.950502
40.806723, -73.947381
40.807479, -73.947104
40.807112, -73.945685
40.807381, -73.945501
40.808137, -73.944429
40.808664, -73.944555
40.808872, -73.944377
40.808819, -73.943668
40.808815, -73.945632
40.809853, -73.946563
40.80874, -73.948816
40.809925, -73.951135
40.809142, -73.951674
40.811225, -73.951092
40.812221, -73.951624
40.813235, -73.951241
40.813634, -73.950834
40.811934, -73.949251
40.816482, -73.949797
40.816471, -73.951934
40.814256, -73.955931
40.809822, -73.957985
40.803722, -73.951388
40.803581, -73.937378
40.802588, -73.937032
40.802967, -73.935769
40.80411, -73.935705
40.806126, -73.935992
40.806484, -73.935105
40.807881, -73.934671
40.81099, -73.936531
40.814108, -73.929078
40.814852, -73.929011
40.815265, -73.92854
40.815937, -73.928277
40.816586, -73.928029
40.817809, -73.928502
40.819528, -73.928012
40.82121, -73.926012
40.822957, -73.925988
40.822758, -73.924513
40.822592, -73.92377
40.821604, -73.920197
40.82451, -73.918864
40.82643, -73.917326
40.825629, -73.9151
40.825252, -73.912311
40.825735, -73.909834
40.826726, -73.90888
40.82735, -73.910133
40.82811, -73.912502
40.828651, -73.917225
40.830449, -73.920299
40.830812, -73.922075
40.831213, -73.924108
40.831897, -73.925841
40.833476, -73.923308
40.829389, -73.925312
40.828644, -73.925338
40.828378, -73.926178
40.826885, -73.924034
40.826134, -73.926034
40.825491, -73.927082
40.827317, -73.929059
40.826195, -73.934802
40.832849, -73.929272
40.83967, -73.923918
40.840632, -73.921086
40.838685, -73.920182
40.840824, -73.917531
40.842299, -73.917406
40.843576, -73.915721
40.844144, -73.914695
40.843783, -73.913482
40.841409, -73.913701
40.838065, -73.912493
40.837059, -73.910971
40.837611, -73.908645
40.837783, -73.908243
40.837179, -73.906335
40.835287, -73.903532
40.834921, -73.902615
40.836661, -73.902135
40.834722, -73.89864
40.833266, -73.897407
40.83294, -73.897223
40.836699, -73.897453
40.835672, -73.890295
40.835454, -73.88903
40.836462, -73.888959
40.837124, -73.888401
40.836359, -73.886325
40.836487, -73.884686
40.833343, -73.883468
40.832496, -73.883895
40.832087, -73.886569
40.828699, -73.886744
40.828891, -73.888832
40.827493, -73.891008
40.826698, -73.891055
40.827351, -73.892065
40.824805, -73.894007
40.825602, -73.895714
40.824784, -73.897113
40.825074, -73.899179
40.823388, -73.898993
40.821205, -73.895876
40.820517, -73.893034
40.820289, -73.892352
40.818379, -73.894583
40.818194, -73.897025
40.817161, -73.897425
40.815273, -73.898442
40.814907, -73.898876
40.81519, -73.903645
40.815369, -73.904287
40.815582, -73.904167
40.815956, -73.906426
40.817294, -73.904876
40.817628, -73.904362
40.820301, -73.904456
40.82031, -73.905438
40.823411, -73.906594
40.824724, -73.903209
40.826575, -73.902494
40.826818, -73.904111
40.831198, -73.906485
40.832519, -73.904148
40.83404, -73.909122
40.835153, -73.910021
40.834452, -73.911493
40.835963, -73.913394
40.831326, -73.915069
40.825891, -73.921965
40.821966, -73.914001
40.814814, -73.916703
40.813863, -73.9183
40.813169, -73.918994
40.811832, -73.921514
40.810698, -73.920471
40.812976, -73.923831
40.81438, -73.922457
40.814733, -73.921621
40.815199, -73.922063
40.812462, -73.913534
40.813172, -73.913071
40.810505, -73.91435
40.805727, -73.91524
40.806187, -73.919132
40.807851, -73.924668
40.803471, -73.932378
40.801556, -73.931952
40.798594, -73.931502
40.797543, -73.930816
40.797675, -73.930066
40.796845, -73.933104
40.794649, -73.932686
40.793515, -73.934589
40.791956, -73.935368
40.79222, -73.938442
40.792285, -73.94008
40.792542, -73.941354
40.796417, -73.938013
40.798259, -73.937697
40.798766, -73.936101
40.79922, -73.936347
40.80041, -73.935746
40.795006, -73.93593
40.789913, -73.931747
40.786988, -73.928748
40.785457, -73.925698
40.78038, -73.9214
40.779398, -73.923602
40.778047, -73.925677
40.777046, -73.926084
40.7779, -73.926402
40.775866, -73.92587
40.775981, -73.925176
40.77562, -73.924682
40.775949, -73.92411
40.775606, -73.923893
40.775371, -73.92281
40.77458, -73.92324
40.773635, -73.924979
40.772053, -73.926256
40.771403, -73.92764
40.772038, -73.929111
40.77031, -73.928571
40.769456, -73.924261
40.767336, -73.921274
40.764784, -73.917117
40.766051, -73.915191
40.763736, -73.914375
40.762049, -73.914168
40.761812, -73.91077
40.759909, -73.911736
40.757091, -73.914771
40.756018, -73.912416
40.754523, -73.916478
40.754, -73.914332
40.746384, -73.917388
40.745542, -73.916468
40.744471, -73.916429
40.744364, -73.914502
40.742821, -73.912961
40.742604, -73.91125
40.742464, -73.915246
40.738943, -73.913409
40.738628, -73.906709
40.740994, -73.905487
40.742108, -73.904724
40.742906, -73.905414
40.743556, -73.904253
40.745054, -73.904741
40.744412, -73.906786
40.745455, -73.909787
40.745877, -73.911382
40.744948, -73.920369
40.744883, -73.921312
40.743803, -73.921803
40.743722, -73.920851
40.74203, -73.92066
40.741138, -73.92038
40.740784, -73.921723
40.739914, -73.92206
40.7397, -73.924162
40.740068, -73.926816
40.741828, -73.925867
40.74372, -73.925616
40.74416, -73.924091
40.746837, -73.925445
40.745646, -73.928726
40.744238, -73.931929
40.744658, -73.933766
40.744726, -73.934511
40.744782, -73.934974
40.744743, -73.935817
40.74391, -73.93581
40.742081, -73.938797
40.740864, -73.942315
40.744497, -73.945002
40.7456, -73.945434
40.744784, -73.945954
40.74565, -73.948323
40.745355, -73.949089
40.744408, -73.949314
40.744183, -73.949782
40.745123, -73.951697
40.744915, -73.953121
40.744095, -73.955051
40.742839, -73.953971
40.741903, -73.951188
40.740752, -73.948006
40.736961, -73.947111
40.734489, -73.94685
40.731187, -73.946756
40.727964, -73.944808
40.727032, -73.945813
40.726253, -73.943721
40.725629, -73.942786
40.725487, -73.944638
40.725474, -73.948365
40.725906, -73.949895
40.725873, -73.950408
40.727564, -73.953052
40.72375, -73.953688
40.723553, -73.954853
40.722213, -73.955775
40.721987, -73.957393
40.721595, -73.95948
40.72153, -73.960541
40.720735, -73.959015
40.722697, -73.959423
40.723314, -73.959387
40.720657, -73.963086
40.717994, -73.959347
40.721885, -73.951934
40.721647, -73.950884
40.722473, -73.949946
40.72279, -73.9493
40.722666, -73.948766
40.720813, -73.948951
40.72091, -73.946473
40.720607, -73.942907
40.720205, -73.942578
40.719147, -73.941818
40.723236, -73.941976
40.723742, -73.936419
40.727471, -73.929615
40.735002, -73.931983
40.735902, -73.934814
40.742471, -73.929165
40.749673, -73.936407
40.749849, -73.936756
40.748337, -73.938452
40.747612, -73.941059
40.746664, -73.944549
40.746739, -73.947678
40.7476, -73.9496
40.748492, -73.948477
40.750083, -73.949347
40.752041, -73.948882
40.751488, -73.951898
40.755095, -73.949562
40.756269, -73.949383
40.755289, -73.947228
40.753438, -73.943196
40.753934, -73.94264
40.755814, -73.942039
40.757415, -73.940248
40.757755, -73.939163
40.757766, -73.936177
40.760027, -73.936504
40.760806, -73.940016
40.760213, -73.940694
40.760203, -73.942332
40.762172, -73.942489
40.762515, -73.938302
40.762321, -73.933483
40.764563, -73.930618
40.765096, -73.929401
40.765281, -73.929147
40.765877, -73.926281
40.761993, -73.92507
40.762005, -73.928474
40.762278, -73.929353
40.758676, -73.929109
40.75741, -73.929406
40.757221, -73.931313
40.757847, -73.927527
40.759271, -73.926091
40.758532, -73.924547
40.758268, -73.924492
40.758012, -73.924089
40.758796, -73.921438
40.755739, -73.92368
40.751905, -73.929288
40.75447, -73.933565
40.755208, -73.937364
40.752885, -73.937246
40.752071, -73.937116
40.750989, -73.945467
40.747005, -73.952815
40.744194, -73.958413
40.744074, -73.95953
40.741601, -73.960106
40.738816, -73.960404
40.737045, -73.959103
40.735848, -73.958671
40.737848, -73.955302
40.739051, -73.955024
40.733606, -73.955323
40.732996, -73.955841
40.731588, -73.953701
40.731384, -73.957803
40.73121, -73.974261
40.730558, -73.974509
40.732272, -73.975154
40.733306, -73.97665
40.734246, -73.976641
40.734198, -73.977743
40.733789, -73.979312
40.73301, -73.980425
40.732287, -73.979469
40.73236, -73.978942
40.735388, -73.976533
40.736284, -73.976607
40.737321, -73.975234
40.737587, -73.974588
40.737856, -73.975984
40.738499, -73.979236
40.739907, -73.980031
40.739641, -73.981277
40.74005, -73.98325
40.740972, -73.982615
40.741626, -73.983725
40.742454, -73.984924
40.742318, -73.985179
40.742494, -73.985751
40.742794, -73.98707
40.741727, -73.987248
40.740454, -73.985982
40.740479, -73.984814
40.738675, -73.98478
40.7384, -73.982908
40.737087, -73.981289
40.736327, -73.983272
40.736275, -73.986743
40.736719, -73.98742
40.737309, -73.988317
40.737906, -73.988743
40.738356, -73.987944
40.739546, -73.988642
40.739807, -73.987758
40.739409, -73.990154
40.737634, -73.990301
40.735897, -73.990928
40.735146, -73.991101
40.735023, -73.989845
40.734832, -73.987982
40.733999, -73.988391
40.733486, -73.988068
40.733207, -73.989376
40.728108, -73.990453
40.727301, -73.992262
40.72647, -73.99262
40.726205, -73.991192
40.725987, -73.990735
40.725709, -73.990528
40.725354, -73.989199
40.725901, -73.988194
40.725375, -73.987725
40.724023, -73.988074
40.723461, -73.987053
40.723826, -73.986499
40.722456, -73.98627
40.72193, -73.986224
40.722655, -73.984747
40.721679, -73.983764
40.721207, -73.984451
40.720478, -73.984407
40.719467, -73.986495
40.720066, -73.987536
40.719733, -73.989335
40.719861, -73.990286
40.720702, -73.990563
40.720782, -73.990258
40.719644, -73.992621
40.719288, -73.99342
40.718656, -73.994962
40.719531, -73.995473
40.719913, -73.996834
40.72049, -73.997726
40.721026, -73.996552
40.722121, -73.99475
40.721465, -73.993287
40.722569, -73.992417
40.723239, -73.991839
40.723293, -73.990585
40.724083, -73.98944
40.727461, -73.993593
40.726984, -73.996708
40.726951, -73.998393
40.726415, -73.999306
40.726248, -74.000652
40.725664, -74.000512
40.725034, -74.001688
40.724818, -74.002387
40.726193, -74.003989
40.726854, -74.003304
40.726845, -74.001826
40.727337, -74.0016
40.728696, -74.000628
40.729853, -74.002377
40.730567, -74.000328
40.730552, -73.999337
40.729965, -73.998983
40.729967, -73.998303
40.729234, -73.996936
40.728371, -73.997496
40.725028, -73.998163
40.724334, -73.997577
40.724432, -73.996037
40.723475, -73.996489
40.723862, -73.999363
40.722537, -74.001606
40.721954, -74.003005
40.721256, -74.003775
40.720884, -74.002631
40.721129, -74.005066
40.723341, -74.004053
40.723297, -74.006951
40.72146, -74.009001
40.719844, -74.008431
40.718837, -74.006802
40.719013, -74.006586
40.71823, -74.00732
40.71805, -74.009183
40.718931, -74.011929
40.716777, -74.013376
40.716514, -74.014819
40.716969, -74.015741
40.71835, -74.015659
40.721321, -74.015549
40.724897, -74.010966
40.724823, -74.01023
40.725974, -74.010239
40.726217, -74.008344
40.728149, -74.011189
40.730066, -74.006751
40.730924, -74.00733
40.731324, -74.00565
40.732547, -74.006374
40.733156, -74.006023
40.733211, -74.00575
40.737466, -74.005929
40.737465, -74.004403
40.737137, -74.002017
40.736075, -74.000539
40.731382, -74.000091
40.739057, -73.993027
40.741323, -73.990762
40.742113, -73.991269
40.742687, -73.98898
40.742934, -73.988738
40.743486, -73.989203
40.74441, -73.986449
40.744359, -73.985579
40.745056, -73.985889
40.746393, -73.987321
40.745774, -73.988216
40.74606, -73.988445
40.747085, -73.988346
40.74927198, -73.98927764
40.749783, -73.990061
40.750268, -73.989249
40.751076, -73.989097
40.750624, -73.988241
40.750913, -73.990131
40.752321, -73.98804
40.753416, -73.986853
40.75424, -73.98804
40.753794, -73.988795
40.754433, -73.984219
40.754565, -73.983112
40.75525, -73.981217
40.755441, -73.981233
40.756113, -73.981258
40.756561, -73.981622
40.756558, -73.982285
40.756679, -73.980725
40.755527, -73.979187
40.754335, -73.978368
40.75403694, -73.97650216
40.75543, -73.976411
40.755263, -73.975631
40.75651, -73.975242
40.757528, -73.976953
40.758398, -73.97867
40.758903, -73.978976
40.75957, -73.978003
40.760008, -73.977142
40.760754, -73.974899
40.761425, -73.974639
40.761659, -73.975184
40.76161, -73.973391
40.7624743, -73.972037
40.763737, -73.971899
40.764627, -73.971696
40.765049, -73.970799
40.765651, -73.970303
40.765998, -73.971561
40.766646, -73.972993
40.765733, -73.973636
40.765336, -73.97567
40.763929, -73.974416
40.763478, -73.974454
40.76365, -73.976891
40.76282581, -73.978806
40.763431, -73.981223
40.764298, -73.980751
40.764783, -73.982452
40.766033, -73.981658
40.765837, -73.980381
40.765833, -73.979444
40.765363, -73.978619
40.764838, -73.978604
40.766344, -73.978148
40.767873, -73.980416
40.767534, -73.981055
40.767145, -73.98352
40.767033, -73.983986
40.767627, -73.985467
40.769767, -73.985652
40.770474, -73.984861
40.771013, -73.98379
40.771311, -73.98354
40.773284, -73.98404
40.774798, -73.984643
40.775172, -73.983035
40.779844, -73.981442
40.780866, -73.981611
40.782931, -73.980132
40.784149, -73.97746
40.781231, -73.977685
40.779645, -73.97734
40.781047, -73.975402
40.780819, -73.974662
40.781529, -73.97469
40.778776, -73.974313
40.775427, -73.974789
40.775166, -73.97264
40.774691, -73.971947
40.774003, -73.966597
40.772813, -73.964535
40.774745, -73.963425
40.775819, -73.961934
40.775781, -73.965102
40.778175, -73.964637
40.778429, -73.964099
40.778613, -73.961718
40.778439, -73.96127
40.778389, -73.960755
40.77871, -73.959991
40.781031, -73.958879
40.78255, -73.959497
40.783874, -73.958489
40.784387, -73.959223
40.785565, -73.956399
40.784795, -73.954165
40.78306, -73.953957
40.781714, -73.956565
40.777876, -73.956029
40.776013, -73.956509
40.775973, -73.955065
40.773756, -73.956339
40.772565, -73.957163
40.771785, -73.956403
40.771089, -73.959448
40.772218, -73.960229
40.771884, -73.961799
40.769323, -73.962023
40.767995, -73.962615
40.767272, -73.962097
40.766672, -73.961526
40.767642, -73.959876
40.768754, -73.960104
40.769126, -73.959503
40.767592, -73.963821
40.768285, -73.964852
40.767838, -73.96558
40.768291, -73.967236
40.767045, -73.96771
40.76697, -73.969542
40.767259, -73.970532
40.767767, -73.972897
40.768997, -73.976549
40.769458, -73.978332
40.769737, -73.978737
40.770041, -73.978507
40.770058, -73.978494
40.770802, -73.977751
40.770735, -73.969027
40.769791, -73.964518
40.765739, -73.964708
40.765388, -73.966591
40.76468772, -73.9664579
40.764164, -73.96714
40.764557, -73.967651
40.763752, -73.969455
40.762009, -73.969277
40.76128417, -73.9684685
40.760867, -73.969531
40.760063, -73.967927
40.75922, -73.968413
40.758294, -73.968702
40.758543, -73.96715
40.75967, -73.966489
40.757785, -73.965921
40.757019, -73.966174
40.756276, -73.965741
40.755866, -73.964438
40.754807, -73.965717
40.75382, -73.963913
40.753518, -73.963082
40.755847, -73.961258
40.757393, -73.963865
40.758964, -73.962669
40.759314, -73.960833
40.75964, -73.9606
40.759052, -73.95816
40.761207, -73.957636
40.76163, -73.956932
40.762886, -73.958307
40.763767, -73.960344
40.764883, -73.962406
40.76351, -73.965713
40.761662, -73.960292
40.763317, -73.95577
40.764765, -73.955694
40.765365, -73.958547
40.768925, -73.954675
40.769579, -73.951904
40.770807, -73.951426
40.770977, -73.950614
40.770958, -73.947898
40.772073, -73.947747
40.773519, -73.949106
40.773173, -73.952375
40.775784, -73.950684
40.77634, -73.948431
40.778396, -73.94717
40.77812, -73.944584
40.777176, -73.942901
40.775391, -73.943394
40.780755, -73.946306
40.780969, -73.94754
40.78033996, -73.94971294
40.78076, -73.950852
40.779033, -73.95059
40.778673, -73.950964
40.77906, -73.952287
40.783149, -73.949835
40.783686, -73.949577
40.784661, -73.946671
40.785728, -73.945654
40.784718, -73.940904
40.787203, -73.938619
40.787321, -73.938079
40.781628, -73.944706
40.777146, -73.935338
40.772755, -73.936332
40.771722, -73.935715
40.773783, -73.929598
40.7678, -73.932507
40.766448, -73.945733
40.764508, -73.946633
40.764972, -73.948273
40.763379, -73.94836
40.763252, -73.950313
40.762098, -73.949733
40.761777, -73.949979
40.759756, -73.951079
40.760129, -73.952617
40.755469, -73.956713
40.752769, -73.957574
40.752238, -73.959298
40.751374, -73.965587
40.750398, -73.966229
40.75043, -73.967997
40.748967, -73.967507
40.747637, -73.968835
40.74792, -73.97068
40.748885, -73.971798
40.750352, -73.972045
40.75169, -73.972455
40.75252, -73.973412
40.752538, -73.974394
40.752612, -73.976976
40.751825, -73.978112
40.750755, -73.978052
40.750447, -73.977883
40.750377, -73.977353
40.749814, -73.979863
40.749799, -73.980201
40.750675, -73.979945
40.751497, -73.979928
40.751834, -73.981183
40.752897, -73.981065
40.752619, -73.983233
40.751177, -73.982403
40.75023, -73.982698
40.749117, -73.982429
40.748006, -73.98389
40.747175, -73.981275
40.746737, -73.980136
40.745592, -73.980132
40.744784, -73.981629
40.743691, -73.982813
40.744138, -73.983297
40.742874, -73.983197
40.74243, -73.981773
40.742771, -73.981125
40.74179, -73.980774
40.741498, -73.981023
40.742431, -73.973976
40.745003, -73.975329
40.745157, -73.974911
40.745256, -73.973287
40.746146, -73.972936
40.746894, -73.976678
40.747777, -73.977262
40.748174, -73.977154
40.747814, -73.979452
40.750112, -73.973873
40.752216, -73.970648
40.752511, -73.97045
40.752891, -73.970616
40.753148, -73.968564
40.752581, -73.967444
40.754386, -73.969045
40.756963, -73.96934
40.758323, -73.970652
40.757079, -73.972118
40.754743, -73.973515
40.758246, -73.980109
40.758578, -73.983359
40.757774, -73.983589
40.761529, -73.986007
40.761801, -73.987088
40.763311, -73.986315
40.762437, -73.984201
40.76175, -73.981419
40.7627, -73.989278
40.764727, -73.989658
40.758998, -73.995688
40.757556, -73.994318
40.75694, -73.994759
40.756812, -73.993127
40.757552, -73.998125
40.758143, -73.999552
40.757053, -74.000206
40.754187, -74.001175
40.753429, -74.00064
40.752967, -74.00146
40.752533, -74.001295
40.752083, -74.000993
40.751645, -74.000027
40.752503, -74.002111
40.750783, -74.002823
40.750561, -74.00294
40.750898, -74.004111
40.749286, -74.001772
40.749521, -73.999681
40.746905, -74.000359
40.746703, -74.002147
40.74753, -74.003379
40.745927, -74.004078
40.747461, -74.006089
40.744222, -73.999805
40.753202, -73.996242
40.752705, -74.02266
40.752946, -74.023246
40.749583, -74.024042
40.7484, -74.025334
40.748893, -74.027388
40.749137, -74.027242
40.749875, -74.02697
40.750156, -74.027852
40.747635, -74.027984
40.745129, -74.026146
40.744522, -74.025343
40.743511, -74.025782
40.743278, -74.027182
40.744255, -74.027256
40.741111, -74.026666
40.739685, -74.028932
40.738957, -74.030269
40.740303, -74.031066
40.741466, -74.031256
40.741282, -74.03014
40.74136, -74.029808
40.73739, -74.031658
40.73657577, -74.03027184
40.734635, -74.027686
40.734093, -74.028258
40.733705, -74.030055
40.732658, -74.030726
40.735903, -74.034031
40.739101, -74.03799
40.739987, -74.041277
40.741389, -74.040168
40.741631, -74.04243
40.740933, -74.044735
40.737142, -74.042532
40.734905, -74.044197
40.731994, -74.041999
40.730765, -74.042724
40.72911, -74.039913
40.728018, -74.041726
40.727568, -74.042653
40.72779, -74.044067
40.725435, -74.043824
40.724653, -74.044827
40.723176, -74.04401
40.72201, -74.045104
40.721295, -74.045221
40.722035, -74.046205
40.720261, -74.047387
40.719781, -74.04608
40.717796, -74.047203
40.717814, -74.043587
40.716095, -74.041682
40.715825, -74.041792
40.713052, -74.041754
40.711804, -74.038913
40.712341, -74.033634
40.713767, -74.033279
40.716443, -74.03596
40.719489, -74.034062
40.720436, -74.03158
40.721463, -74.032201
40.725397, -74.03235
40.726796, -74.031195
40.728651, -74.032088
40.728574, -74.032346
40.727043, -74.037204
40.727615, -74.038321
40.725504, -74.041936
40.724123, -74.038417
40.722038, -74.040708
40.719913, -74.040233
40.720287, -74.039033
40.718246, -74.039721
40.721287, -74.049129
40.720813, -74.049999
40.719734, -74.051745
40.71912, -74.054159
40.722487, -74.053385
40.724067, -74.052051
40.725948, -74.049652
40.725071, -74.048095
40.725391, -74.047128
40.728262, -74.050874
40.731415, -74.047604
40.74326, -74.040003
40.74486, -74.038479
40.742328, -74.036346
40.741347, -74.035625
40.746226, -74.033957
40.749235, -74.032907
40.75264, -74.033953
40.753066, -74.033802
40.752367, -74.034863
40.75469, -74.034478
40.7557, -74.036946
40.756211, -74.036596
40.756931, -74.035372
40.753929, -74.038142
40.751035, -74.038451
40.745179, -74.042934
40.746237, -74.022909
40.755369, -74.027808
40.718433, -74.00413
40.717048, -74.004589
40.716023, -74.004415
40.716193, -74.006027
40.714685, -74.004546
40.713788, -74.005242
40.713117, -74.005893
40.713086, -74.00451
40.713285, -74.002875
40.714708, -74.002578
40.716068, -74.001254
40.716366, -74.001436
40.716778, -74.000715
40.716026, -73.998155
40.715032, -73.998604
40.714732, -73.998563
40.714689, -73.997239
40.714042, -73.996636
40.712704, -73.997514
40.712094, -73.998783
40.712461, -73.999327
40.711614, -73.999608
40.711857, -74.00176
40.711271, -74.002654
40.711621, -74.002961
40.711168, -74.004128
40.709599, -74.003308
40.708732, -74.003829
40.709749, -74.001188
40.708247, -74.000546
40.705805, -74.001147
40.704999, -74.005361
40.70652, -74.006352
40.706805, -74.005355
40.70724, -74.008282
40.706315, -74.009461
40.705494, -74.009419
40.704162, -74.008524
40.704056, -74.007635
40.704042, -74.01025
40.704267, -74.013151
40.703161, -74.01404
40.702666, -74.013404
40.701382, -74.014122
40.702434, -74.016883
40.70507, -74.016163
40.70583, -74.016742
40.706004, -74.018444
40.706876, -74.018543
40.70764, -74.017806
40.707718, -74.016103
40.708591, -74.015925
40.709027, -74.014765
40.708597, -74.013241
40.706626, -74.013548
40.710261, -74.010694
40.711643, -74.011339
40.711656, -74.01177
40.713724, -74.014916
40.714119, -74.017529
40.712155, -74.01772
40.715928, -74.011202
40.71408, -74.008013
40.712619, -74.007316
40.709095, -74.007989
40.708559, -74.007638
40.708528, -74.00851
40.71421, -74.000393
40.711546, -73.996709
40.710832, -73.997273
40.709335, -73.997038
40.711404, -73.99414
40.711758, -73.99352
40.71092, -73.993402
40.71215, -73.991596
40.713297, -73.991889
40.713348, -73.991459
40.713893, -73.991182
40.714056, -73.990684
40.71448, -73.991463
40.714969, -73.990908
40.713962, -73.989554
40.713579, -73.98791
40.712211, -73.987345
40.71265, -73.985358
40.713793, -73.98546
40.716288, -73.987002
40.716862, -73.988879
40.717749, -73.988342
40.718285, -73.990359
40.71863, -73.990657
40.716639, -73.990209
40.716518, -73.991494
40.716842, -73.994165
40.712882, -73.994803
40.708774, -73.991645
40.709983, -73.988534
40.710938, -73.981721
40.711243, -73.980666
40.719828, -73.999098
40.719532, -73.999689
40.692781, -74.015356
40.691088, -74.01557
40.691416, -74.01671
40.691039, -74.01927
40.68975, -74.020095
40.687046, -74.020584
40.686413, -74.022362
40.688199, -74.01666
40.688967, -74.016465
40.688338, -74.01435
40.690417, -74.014378
40.682643, -74.006556
40.68262, -74.006217
40.680338, -74.007627
40.679507, -74.012053
40.676727, -74.010673
40.676803, -74.013783
40.675862, -74.016297
40.672857, -74.008103
40.661192, -73.996956
40.679645, -73.988546
40.667995, -73.97043
40.66436, -73.970325
40.663738, -73.964393
40.666849, -73.964248
40.669436, -73.965713
40.663249, -73.95102
40.659741, -73.950385
40.655344, -73.95043
40.65429, -73.946528
40.658383, -73.944696
40.658892, -73.942623
40.658951, -73.939465
40.657405, -73.939863
40.653061, -73.939795
40.651338, -73.940345
40.651474, -73.937887
40.65143, -73.934708
40.653721, -73.93372
40.649229, -73.930287
40.642269, -73.92864
40.642631, -73.923426
40.634847, -73.918995
40.629783, -73.918701
40.624766, -73.918958
40.619483, -73.920914
40.61941, -73.92235
40.61913, -73.922689
40.613031, -73.922307
40.610805, -73.925239
40.609874, -73.926682
40.610234, -73.930481
40.609994, -73.93142
40.608731, -73.93312
40.607329, -73.934033
40.609345, -73.936101
40.610761, -73.936273
40.607762, -73.937716
40.607319, -73.938068
40.605243, -73.942148
40.607084, -73.944948
40.608905, -73.953028
40.610652, -73.953978
40.609317, -73.955732
40.609478, -73.956369
40.609209, -73.957023
40.609097, -73.960196
40.61022, -73.961245
40.609807, -73.962856
40.608845, -73.962302
40.606498, -73.964965
40.606037, -73.966636
40.604645, -73.969009
40.608848, -73.9689
40.609355, -73.969228
40.609993, -73.969035
40.609988, -73.974766
40.614372, -73.968108
40.614813, -73.966084
40.614391, -73.963027
40.612559, -73.961633
40.617221, -73.962081
40.617588, -73.960441
40.618646, -73.958114
40.619197, -73.957449
40.6159, -73.955675
40.61675, -73.948748
40.619464, -73.951218
40.623791, -73.950981
40.624031, -73.950951
40.623845, -73.947464
40.623065, -73.94652
40.624526, -73.946039
40.624427, -73.94534
40.626943, -73.946489
40.62846, -73.947038
40.629228, -73.946232
40.628774, -73.943596
40.628674, -73.939392
40.628637, -73.938587
40.625445, -73.940068
40.621077, -73.945663
40.619874, -73.945446
40.617313, -73.943199
40.614787, -73.94056
40.614287, -73.937817
40.613014, -73.948801
40.606052, -73.954735
40.604677, -73.958346
40.606344, -73.959622
40.602891, -73.953379
40.601435, -73.952724
40.601292, -73.951529
40.601409, -73.950718
40.598853, -73.951138
40.597479, -73.948035
40.60006, -73.946114
40.60027878, -73.94455299
40.600234, -73.942024
40.599266, -73.941426
40.600931, -73.940089
40.597113, -73.939818
40.592993, -73.94567
40.592019, -73.945346
40.591227, -73.945786
40.58708, -73.940861
40.584276, -73.939745
40.583511, -73.945045
40.583542, -73.947389
40.583723, -73.950172
40.581229, -73.943911
40.578016, -73.941663
40.577649, -73.947214
40.578393, -73.957563
40.57759, -73.959755
40.576456, -73.961134
40.575873, -73.961261
40.574996, -73.96092
40.574801, -73.963026
40.57955, -73.96211
40.580979, -73.962588
40.581725, -73.960503
40.584343, -73.959957
40.585875, -73.960717
40.587254, -73.961972
40.583068, -73.965304
40.585194, -73.97002
40.589671, -73.969832
40.593389, -73.967615
40.593844, -73.961045
40.594632, -73.957371
40.598592, -73.957666
40.598743, -73.958027
40.598282, -73.962206
40.59811, -73.964031
40.598147, -73.965008
40.60132, -73.964526
40.593444, -73.980228
40.592213, -73.982539
40.593852, -73.984362
40.594712, -73.985369
40.595034, -73.985121
40.595403, -73.985149
40.590227, -73.985827
40.58838, -73.98362
40.586895, -73.989741
40.583546, -73.993016
40.583311, -73.9959
40.580113, -73.996175
40.57949, -73.999115
40.579581, -73.999381
40.577622, -73.999693
40.574372, -73.998627
40.573384, -74.000883
40.572505, -73.996729
40.573316, -73.995614
40.575199, -73.994349
40.575417, -73.99484
40.575776, -73.99421
40.575712, -73.990158
40.576104, -73.98839
40.576675, -73.985373
40.577381, -73.980962
40.576949, -73.980749
40.578197, -73.980635
40.578488, -73.980306
40.578648, -73.97987
40.578511, -73.977967
40.578175, -73.974246
40.575675, -73.973964
40.576531, -73.969622
40.578035, -73.96769
40.579551, -73.968334
40.578602, -73.970281
40.580948, -73.972198
40.580965, -73.972734
40.575329, -73.979783
40.575111, -73.979753
40.574084, -73.979144
40.573833, -73.979593
40.573332, -73.977626
40.572381, -73.982377
40.57217, -73.988348
40.572351, -73.988419
40.578783, -73.990937
40.580452, -73.988507
40.597684, -74.00101
40.603288, -73.996254
40.604404, -73.991917
40.602889, -73.989097
40.601725, -73.98869
40.600988, -73.990389
40.605916, -73.98569
40.607093, -73.985148
40.607564, -73.985506
40.607435, -73.986536
40.608167, -73.987665
40.610066, -73.984439
40.612149, -73.987048
40.61447, -73.988305
40.614685, -73.987344
40.615793, -73.986134
40.618652, -73.989204
40.61986, -73.989267
40.620844, -73.988707
40.621027, -73.988062
40.619189, -73.982374
40.614843, -73.99437
40.612888, -73.994894
40.612742, -73.993474
40.611556, -73.994693
40.608943, -73.993577
40.605105, -74.008387
40.603083, -74.011289
40.633839, -74.017818
40.634324, -74.017485
40.634666, -74.017241
40.627301, -73.973511
40.629165, -73.969021
40.629677, -73.964033
40.630034, -73.961942
40.62804, -73.958171
40.62832, -73.957315
40.625914, -73.955572
40.623738, -73.955855
40.626666, -73.960627
40.622419, -73.964243
40.621131, -73.964302
40.632817, -73.957593
40.635625, -73.958128
40.635819, -73.955159
40.637692, -73.952633
40.639813, -73.952316
40.639983, -73.955326
40.642073, -73.956558
40.644106, -73.957313
40.645063, -73.959161
40.646465, -73.960616
40.648057, -73.959483
40.649295, -73.960685
40.648804, -73.956595
40.650423, -73.955035
40.648897, -73.952926
40.646998, -73.949316
40.64619, -73.949198
40.639912, -73.94823
40.637119, -73.948237
40.636718, -73.94821
40.635712, -73.947707
40.634184, -73.947157
40.634114, -73.94928
40.634338, -73.95012
40.635589, -73.950809
40.631693, -73.951405
40.631613, -73.953491
40.631495, -73.948202
40.6432, -73.960373
40.643322, -73.960022
40.643682, -73.969414
40.641285, -73.969163
40.646738, -73.969758
40.647754, -73.971102
40.649418, -73.973164
40.652071, -73.958271
40.662612, -73.942938
40.66261, -73.940789
40.668788, -73.944859
40.669855, -73.943767
40.669932, -73.946309
40.673559, -73.943539
40.67822, -73.94234
40.674497, -73.935919
40.67378, -73.936456
40.673142, -73.936192
40.673602, -73.934875
40.673629, -73.9341
40.670574, -73.933004
40.670481, -73.932033
40.667934, -73.931403
40.665298, -73.927201
40.665606, -73.926886
40.670093, -73.936371
40.66956, -73.938773
40.685906, -73.91717
40.686453, -73.915579
40.681509, -73.907246
40.680601, -73.907353
40.680127, -73.90836
40.683108, -73.905072
40.690532, -73.884397
40.691154, -73.884789
40.693438, -73.884805
40.687558, -73.877376
40.686702, -73.877488
40.684255, -73.877807
40.685134, -73.881999
40.681268, -73.880744
40.657945, -73.874302
40.65258, -73.871577
40.652911, -73.866985
40.654479, -73.860078
40.648888, -73.872047
40.662754, -73.849426
40.668388, -73.848735
40.668503, -73.84736
40.668331, -73.846534
40.670493, -73.846257
40.671019, -73.846504
40.670911, -73.848013
40.672064, -73.847999
40.670782, -73.844431
40.67066, -73.839253
40.670022, -73.838691
40.664422, -73.841464
40.663396, -73.834237
40.660228, -73.830965
40.659966, -73.830245
40.660267, -73.830023
40.656547, -73.834455
40.653407, -73.831801
40.650191, -73.827171
40.650196, -73.837897
40.651945, -73.837782
40.654118, -73.838432
40.6555017, -73.8392663
40.65880203, -73.84004972
40.669184, -73.821121
40.676677, -73.823155
40.676884, -73.824495
40.680228, -73.821168
40.679647, -73.816808
40.682288, -73.815489
40.683172, -73.815491
40.686044, -73.810421
40.685854, -73.808525
40.682395, -73.806102
40.685469, -73.802445
40.688578, -73.795421
40.692048, -73.793401
40.694532, -73.791392
40.699332, -73.79338
40.700703, -73.795344
40.701544, -73.797242
40.702398, -73.795654
40.705674, -73.794515
40.706527, -73.79455
40.704202, -73.799477
40.705615, -73.803637
40.709062, -73.804095
40.709362, -73.801565
40.711542, -73.798387
40.712943, -73.797824
40.7131, -73.793356
40.715959, -73.78833
40.714916, -73.786537
40.718554, -73.786695
40.720768, -73.794086
40.720673, -73.794574
40.720328, -73.795697
40.722371, -73.79486
40.721837, -73.793472
40.72332, -73.792718
40.724843, -73.794221
40.726174, -73.789994
40.727932, -73.783449
40.733053, -73.782579
40.733379, -73.782005
40.734578, -73.784619
40.735442, -73.785103
40.739029, -73.782875
40.740578, -73.78461
40.741458, -73.783218
40.741668, -73.782151
40.742926, -73.783767
40.743722, -73.782739
40.744365, -73.785144
40.743728, -73.785754
40.743988, -73.786513
40.745418, -73.787715
40.746665, -73.7863
40.74836, -73.786299
40.745159, -73.789952
40.746914, -73.798053
40.747898, -73.802925
40.747627, -73.805113
40.747284, -73.80673
40.746786, -73.807922
40.747494, -73.808929
40.748686, -73.809778
40.747621, -73.811935
40.746222, -73.810561
40.743694, -73.807655
40.742133, -73.80611
40.738007, -73.80268
40.736644, -73.80275
40.734954, -73.803019
40.734826, -73.799423
40.732441, -73.804778
40.730393, -73.80538
40.73041, -73.803357
40.732384, -73.808609
40.731226, -73.81158
40.732919, -73.812131
40.733645, -73.813597
40.733016, -73.8139
40.735133, -73.817812
40.736627, -73.817746
40.736535, -73.818632
40.737347, -73.814446
40.738444, -73.81419
40.739995, -73.814153
40.740547, -73.813177
40.739945, -73.815409
40.743621, -73.81633
40.744157, -73.814105
40.74617, -73.820825
40.745221, -73.825814
40.745413, -73.827525
40.743765, -73.825548
40.749514, -73.826015
40.751094, -73.828415
40.75137, -73.829069
40.750935, -73.830388
40.749756, -73.83049
40.74872, -73.833217
40.751378, -73.835087
40.752926, -73.833173
40.754475, -73.83322
40.755018, -73.833432
40.755546, -73.833222
40.755896, -73.830589
40.755585, -73.828125
40.757756, -73.828644
40.758087, -73.829544
40.759371, -73.830531
40.761241, -73.832161
40.761047, -73.832897
40.757824, -73.833122
40.760102, -73.826525
40.755599, -73.824696
40.755552, -73.823369
40.75438, -73.821268
40.75776, -73.819224
40.761071, -73.814326
40.762804, -73.814664
40.761477, -73.811754
40.76295, -73.810798
40.764753, -73.810563
40.766176, -73.81457
40.766373, -73.815551
40.764423, -73.82321
40.765298, -73.823861
40.768718, -73.824108
40.772686, -73.828264
40.772493, -73.829485
40.769814, -73.83465
40.767227, -73.83277
40.766219, -73.831403
40.765867, -73.830599
40.765516, -73.832324
40.762188, -73.841829
40.757641, -73.844563
40.757694, -73.845504
40.756178, -73.84529
40.756258, -73.846185
40.755763, -73.848173
40.760272, -73.849249
40.758323, -73.857126
40.754765, -73.860265
40.754585, -73.861446
40.753938, -73.863181
40.755691, -73.867826
40.758992, -73.869384
40.759554, -73.866187
40.761867, -73.871502
40.761209, -73.872082
40.762843, -73.873177
40.762591, -73.874005
40.764862, -73.870561
40.765185, -73.870187
40.768905, -73.863956
40.768539, -73.862573
40.769626, -73.861404
40.770613, -73.864002
40.768306, -73.85894
40.774609, -73.868994
40.773159, -73.871749
40.772991, -73.8744
40.767274, -73.88446
40.763947, -73.87976
40.762057, -73.878899
40.759867, -73.881069
40.755664, -73.88323
40.754351, -73.883142
40.753795, -73.882186
40.75204, -73.884624
40.751742, -73.886165
40.750126, -73.885222
40.749254, -73.883123
40.75103, -73.881806
40.7478, -73.884034
40.743843, -73.88498
40.743759, -73.885278
40.743463, -73.889167
40.743085, -73.891806
40.743139, -73.895882
40.744828, -73.896863
40.746108, -73.896146
40.746629, -73.89653
40.748696, -73.896464
40.749168, -73.897481
40.751049, -73.896931
40.751919, -73.901047
40.75233, -73.9033
40.753502, -73.903798
40.753594, -73.906622
40.752939, -73.908497
40.755725, -73.903694
40.757477, -73.906736
40.76181, -73.906021
40.764355, -73.905699
40.764341, -73.911571
40.761725, -73.917704
40.761828, -73.918758
40.762052, -73.919019
40.769904, -73.912129
40.773293, -73.911533
40.773732, -73.911758
40.775729, -73.911488
40.775637, -73.913014
40.775756, -73.914163
40.773247, -73.914506
40.77025, -73.906779
40.773556, -73.902336
40.772544, -73.900955
40.774847, -73.899157
40.773204, -73.894789
40.773937, -73.892899
40.765341, -73.893225
40.763674, -73.892133
40.762331, -73.888698
40.754574, -73.888904
40.753003, -73.892687
40.749628, -73.890142
40.747478, -73.890611
40.74632, -73.889325
40.74554, -73.889085
40.747085, -73.893609
40.745585, -73.899096
40.74545, -73.902259
40.750146, -73.901697
40.759555, -73.900924
40.755269, -73.877175
40.755296, -73.876387
40.754011, -73.872496
40.750965, -73.872289
40.750578, -73.871178
40.749049, -73.871537
40.749653, -73.869408
40.748368, -73.863371
40.74846, -73.86194
40.74977, -73.862305
40.746273, -73.859948
40.746029, -73.859806
40.745521, -73.86271
40.745038, -73.863494
40.743739, -73.8617
40.742577, -73.856322
40.740234, -73.853236
40.737656, -73.852934
40.737856, -73.851858
40.736152, -73.852391
40.736049, -73.850142
40.732575, -73.854143
40.732539, -73.855665
40.730163, -73.855982
40.729463, -73.85565
40.727844, -73.855342
40.72683, -73.856411
40.728298, -73.859579
40.730074, -73.859003
40.73212, -73.861597
40.730481, -73.864066
40.7315, -73.865392
40.729396, -73.865443
40.733592, -73.868725
40.736165, -73.872914
40.736993, -73.87304
40.737373, -73.876221
40.738865, -73.876569
40.74138, -73.878009
40.743167, -73.876296
40.742577, -73.872996
40.742566, -73.871939
40.74157, -73.873195
40.744291, -73.870821
40.74689, -73.879296
40.737918, -73.880685
40.736636, -73.879363
40.735687, -73.881221
40.734425, -73.883161
40.734113, -73.883726
40.730424, -73.887116
40.736086, -73.890628
40.739067, -73.891972
40.739921, -73.890829
40.738911, -73.893642
40.73948, -73.894114
40.73812, -73.901955
40.738697, -73.903268
40.731209, -73.899963
40.729599, -73.898515
40.726926, -73.895592
40.726454, -73.894691
40.726727, -73.894242
40.724537, -73.895752
40.724466, -73.897867
40.723985, -73.898788
40.727823, -73.904127
40.726229, -73.905932
40.726744, -73.908245
40.721748, -73.911339
40.720632, -73.9082
40.718527, -73.902407
40.716577, -73.901832
40.719037, -73.892339
40.719429, -73.89094
40.720966, -73.888232
40.725558, -73.880171
40.727833, -73.8722
40.721254, -73.870566
40.719594, -73.858992
40.71936, -73.85824
40.72068, -73.858364
40.72065, -73.857869
40.721956, -73.858588
40.726185, -73.852477
40.7281, -73.851506
40.729019, -73.85117
40.727884, -73.847146
40.7272, -73.846861
40.723102, -73.850231
40.72177, -73.846734
40.720978, -73.84737
40.72068, -73.842962
40.719628, -73.842582
40.718345, -73.844468
40.717582, -73.843784
40.717278, -73.8408
40.716117, -73.841211
40.71537, -73.836876
40.716963, -73.83513
40.720286, -73.83583
40.722133, -73.830551
40.721765, -73.824122
40.721932, -73.823715
40.722468, -73.819778
40.720708, -73.818949
40.718949, -73.820606
40.717659, -73.820181
40.718424, -73.818385
40.716544, -73.811145
40.717515, -73.809552
40.716442, -73.808645
40.717498, -73.807416
40.718895, -73.809801
40.723037, -73.809669
40.725928, -73.810375
40.726585, -73.808543
40.721372, -73.804335
40.719219, -73.803637
40.716837, -73.803983
40.71257, -73.810686
40.706446, -73.817323
40.708273, -73.823542
40.708006, -73.824031
40.708856, -73.823396
40.709776, -73.822851
40.708816, -73.825794
40.710319, -73.826205
40.710673, -73.827671
40.709618, -73.82855
40.710635, -73.832012
40.712778, -73.833668
40.714213, -73.829795
40.71277, -73.827303
40.712366, -73.825449
40.712392, -73.824363
40.705717, -73.829762
40.704073, -73.833358
40.702257, -73.832726
40.701803, -73.829178
40.700602, -73.827024
40.694066, -73.827059
40.693011, -73.828721
40.691858, -73.824651
40.690809, -73.823375
40.691715, -73.818941
40.691004, -73.81749
40.691175, -73.813379
40.694544, -73.80945
40.694106, -73.806739
40.694587, -73.804181
40.697059, -73.798899
40.700417, -73.808838
40.701877, -73.808103
40.694403, -73.820561
40.694598, -73.821463
40.70052, -73.835848
40.700629, -73.836319
40.702823, -73.840417
40.703758, -73.839726
40.704082, -73.839004
40.706556, -73.840011
40.707866, -73.839118
40.708662, -73.838866
40.709732, -73.835538
40.708137, -73.834095
40.706747, -73.834351
40.70249, -73.841733
40.697753, -73.84105
40.695839, -73.838611
40.696663, -73.837671
40.690872, -73.838208
40.688748, -73.841966
40.685198, -73.843174
40.685917, -73.838834
40.686485, -73.837816
40.683554, -73.834432
40.683761, -73.833243
40.678735, -73.832829
40.678738, -73.834437
40.680724, -73.842741
40.680105, -73.845183
40.68026, -73.847397
40.681837, -73.848533
40.698218, -73.84616
40.698751, -73.847813
40.716612, -73.847147
40.718157, -73.851765
40.735175, -73.857925
40.735536, -73.861034
40.736443, -73.860816
40.73664, -73.861304
40.736454, -73.864688
40.74397, -73.850982
40.746244, -73.849746
40.746461, -73.85257
40.747229, -73.85504
40.748799, -73.857115
40.751949, -73.854362
40.750926, -73.850259
40.749081, -73.848516
40.75006, -73.847167
40.749338, -73.846703
40.748017, -73.847244
40.748992, -73.842268
40.750291, -73.841357
40.751088, -73.842215
40.751332, -73.842759
40.752075, -73.842718
40.748332, -73.839447
40.747495, -73.837789
40.744403, -73.838656
40.74416, -73.839326
40.744035, -73.841783
40.744516, -73.844791
40.743699, -73.845654
40.742782, -73.844696
40.743276, -73.847224
40.737047, -73.83817
40.73147, -73.829547
40.728413, -73.826438
40.73264, -73.824617
40.72443, -73.821241
40.735523, -73.80971
40.7415, -73.798369
40.731085, -73.793533
40.73767, -73.780525
40.741247, -73.777345
40.741343, -73.776326
40.744014, -73.77585
40.743702, -73.778058
40.744811, -73.779765
40.737622, -73.774068
40.73679, -73.772798
40.737225, -73.770773
40.735643, -73.770302
40.73737, -73.767381
40.738249, -73.766538
40.735989, -73.759489
40.73683, -73.758489
40.736394, -73.757033
40.736626, -73.755805
40.738144, -73.756601
40.738784, -73.756624
40.740227, -73.758249
40.742388, -73.754094
40.741548, -73.75156
40.740437, -73.751219
40.740039, -73.748998
40.740339, -73.746958
40.738062, -73.747721
40.736292, -73.744946
40.7387, -73.740825
40.740048, -73.739679
40.740695, -73.739688
40.741496, -73.741532
40.743148, -73.741516
40.743474, -73.744508
40.745312, -73.743238
40.7479, -73.742476
40.747513, -73.743138
40.748061, -73.741824
40.749143, -73.742319
40.749475, -73.743876
40.749978, -73.744907
40.751183, -73.745366
40.751408, -73.743715
40.753853, -73.741393
40.755532, -73.739327
40.757852, -73.73722
40.75858, -73.735484
40.758566, -73.733952
40.759917, -73.732493
40.759491, -73.730776
40.758259, -73.730125
40.756071, -73.727948
40.755233, -73.728551
40.754951, -73.729698
40.755543, -73.72335
40.758453, -73.722372
40.75195, -73.720786
40.749789, -73.720627
40.749572, -73.722373
40.75184, -73.717518
40.750803, -73.715503
40.748132, -73.714884
40.74815, -73.713706
40.745958, -73.714361
40.745147, -73.712372
40.744553, -73.71626
40.744835, -73.716653
40.744882, -73.717805
40.745035, -73.717839
40.743888, -73.723236
40.74623, -73.734744
40.745925, -73.736623
40.745441, -73.739315
40.745825, -73.746072
40.747009, -73.746322
40.745888, -73.748137
40.746976, -73.751553
40.746625, -73.754037
40.747055, -73.756381
40.747608, -73.757336
40.748355, -73.757619
40.748908, -73.756072
40.753133, -73.759494
40.754149, -73.756147
40.755752, -73.756266
40.756069, -73.754578
40.755865, -73.754395
40.758662, -73.753534
40.758993, -73.752813
40.760969, -73.753943
40.761389, -73.753239
40.761705, -73.754765
40.763027, -73.752794
40.763298, -73.751815
40.76384, -73.749073
40.767047, -73.746658
40.771991, -73.744003
40.773323, -73.743602
40.771167, -73.739029
40.769453, -73.736673
40.768206, -73.738255
40.770043, -73.73371
40.77156, -73.734911
40.772792, -73.733898
40.776771, -73.734733
40.781563, -73.732554
40.786049, -73.725286
40.78863806, -73.72922108
40.789659, -73.729132
40.790795, -73.731948
40.789609, -73.721869
40.795689, -73.72174
40.796305, -73.721932
40.796325, -73.722198
40.795337, -73.712632
40.794577, -73.710862
40.794319, -73.701446
40.792613, -73.699105
40.773695, -73.703401
40.772394, -73.710708
40.769241, -73.719474
40.769145, -73.722034
40.768581, -73.722639
40.768303, -73.722005
40.7662, -73.725068
40.768514, -73.729302
40.778994, -73.722811
40.781707, -73.722008
40.795367, -73.741465
40.7948, -73.745023
40.785678, -73.748454
40.784232, -73.748492
40.780555, -73.753105
40.777632, -73.754697
40.776549, -73.754871
40.776522, -73.75237
40.771764, -73.750708
40.766928, -73.759217
40.771832, -73.763186
40.771353, -73.769616
40.769945, -73.770154
40.768599, -73.773333
40.763307, -73.771954
40.762916, -73.770807
40.762108, -73.770143
40.761325, -73.770247
40.760926, -73.771709
40.75849, -73.768201
40.75753, -73.768564
40.755857, -73.764733
40.755935, -73.759515
40.757238, -73.758389
40.760037, -73.757601
40.760654, -73.757978
40.759603, -73.761353
40.76086, -73.76647
40.755816, -73.775392
40.753174, -73.776986
40.758891, -73.784293
40.760708, -73.783853
40.75961, -73.787056
40.761446, -73.789881
40.761431, -73.793219
40.757823, -73.795983
40.761227, -73.799251
40.761717, -73.802107
40.760393, -73.80413
40.759765, -73.803999
40.75921, -73.807982
40.757353, -73.81012
40.756644, -73.806769
40.75639, -73.80535
40.756223, -73.80286
40.755502, -73.801927
40.753789, -73.802731
40.754441, -73.804678
40.75432, -73.810397
40.754418, -73.812949
40.755156, -73.812745
40.750005, -73.81864
40.753462, -73.826303
40.752669, -73.827279
40.765275, -73.802988
40.769181, -73.801732
40.771222, -73.801396
40.771294, -73.803323
40.770484, -73.807056
40.769837, -73.807553
40.774356, -73.809515
40.782967, -73.806924
40.784054, -73.813949
40.784799, -73.81381
40.787498, -73.812721
40.78820495, -73.81335486
40.789811, -73.813737
40.792403, -73.812901
40.79638, -73.824533
40.795901, -73.825314
40.796685, -73.829467
40.790297, -73.829273
40.787757, -73.834281
40.784563, -73.832824
40.785929, -73.838447
40.785405, -73.839756
40.783166, -73.841128
40.785407, -73.843181
40.78541, -73.845317
40.784132, -73.846048
40.786738, -73.850372
40.791017, -73.845492
40.793031, -73.848429
40.793136, -73.8516
40.794053, -73.852606
40.805759, -73.854762
40.808976, -73.856536
40.81148, -73.856398
40.811437, -73.855114
40.813049, -73.857588
40.817611, -73.861549
40.822414, -73.862419
40.822887, -73.862487
40.823075, -73.865605
40.824687, -73.864727
40.82651, -73.863394
40.830283, -73.865827
40.830287, -73.867038
40.832087, -73.867256
40.832719, -73.862797
40.832324, -73.861155
40.834671, -73.861965
40.835346, -73.861323
40.834877, -73.86081
40.835307, -73.858908
40.835318, -73.857183
40.835626, -73.856265
40.836193, -73.855919
40.837036, -73.856154
40.836485, -73.857606
40.838734, -73.857349
40.839836, -73.859468
40.84028, -73.8592
40.838945, -73.860117
40.838004, -73.862076
40.840284, -73.854908
40.83821, -73.853693
40.836243, -73.854123
40.832722, -73.855489
40.829994, -73.847684
40.832249, -73.844638
40.834137, -73.84637
40.839409, -73.850324
40.840883, -73.851748
40.84254, -73.853982
40.844023, -73.852186
40.844551, -73.850243
40.846968, -73.849555
40.849648, -73.846013
40.850316, -73.845509
40.850863, -73.845029
40.850993, -73.845725
40.85282, -73.847072
40.85371, -73.844769
40.855055, -73.841198
40.85351, -73.837572
40.852444, -73.834041
40.852245, -73.825753
40.850348, -73.825823
40.851306, -73.820058
40.854558, -73.823456
40.856024, -73.821504
40.856278, -73.826126
40.867561, -73.825008
40.867504, -73.830481
40.871594, -73.835502
40.873453, -73.839452
40.874394, -73.839651
40.877167, -73.840285
40.876458, -73.847724
40.877303, -73.849148
40.875205, -73.852504
40.872783, -73.853586
40.871613, -73.849512
40.86758, -73.853355
40.869637, -73.857024
40.872975, -73.858266
40.877097, -73.862433
40.87695, -73.867226
40.874648, -73.866849
40.875548, -73.872759
40.878592, -73.871906
40.879125, -73.868488
40.884335, -73.873366
40.887082, -73.875248
40.886797, -73.876157
40.888206, -73.876445
40.889044, -73.877356
40.891109, -73.876342
40.891594, -73.877687
40.891369, -73.878013
40.892278, -73.879558
40.894636, -73.878855
40.894712, -73.879669
40.894827, -73.877608
40.89363, -73.876668
40.892627, -73.870004
40.89203, -73.869128
40.893581, -73.868788
40.893951, -73.868971
40.893375, -73.866177
40.891984, -73.865688
40.891608, -73.862694
40.892942, -73.862453
40.894779, -73.864051
40.896926, -73.86241
40.897682, -73.866994
40.900538, -73.865275
40.902686, -73.868185
40.905784, -73.870391
40.909068, -73.878219
40.909159, -73.880567
40.907985, -73.884791
40.905266, -73.8823
40.903439, -73.895922
40.9109, -73.896111
40.910815, -73.896318
40.913304, -73.89688
40.914875, -73.896611
40.91359, -73.901408
40.912368, -73.904344
40.913412, -73.909372
40.913333, -73.90982
40.914879, -73.909178
40.917284, -73.901896
40.919978, -73.896807
40.920404, -73.895955
40.921361, -73.896117
40.922177, -73.895986
40.925399, -73.895686
40.929626, -73.89683
40.930077, -73.89867
40.928194, -73.900281
40.926321, -73.903115
40.924927, -73.902216
40.930836, -73.903237
40.931812, -73.905102
40.925943, -73.884094
40.908379, -73.906802
40.905232, -73.906294
40.905113, -73.908027
40.899938, -73.912072
40.897738, -73.907528
40.889557, -73.909202
40.8867, -73.907228
40.883182, -73.909891
40.880387, -73.911117
40.879042, -73.908828
40.878806, -73.904701
40.876905, -73.902217
40.877767, -73.900724
40.875263, -73.901985
40.871912, -73.904655
40.871077, -73.904289
40.870698, -73.902455
40.869263, -73.901876
40.869384, -73.900502
40.868659, -73.899854
40.87141, -73.89809
40.873521, -73.895609
40.873913, -73.895174
40.875663, -73.893818
40.873923, -73.892085
40.871784, -73.894204
40.87113, -73.893284
40.866988, -73.895082
40.865935, -73.897205
40.863799, -73.897586
40.862158, -73.898733
40.86205, -73.898424
40.861789, -73.89974
40.860219, -73.898727
40.859675, -73.899962
40.857288, -73.899069
40.85804, -73.896584
40.860515, -73.896507
40.864069, -73.894688
40.861826, -73.889792
40.861935, -73.889377
40.86246, -73.88899
40.861744, -73.885891
40.860293, -73.882697
40.862086, -73.879933
40.862189, -73.879149
40.862624, -73.87854
40.862998, -73.879194
40.865225, -73.880032
40.869953, -73.879288
40.873146, -73.878394
40.874243, -73.878454
40.874313, -73.877501
40.876433, -73.878756
40.879424, -73.878636
40.878854, -73.881126
40.882157, -73.878291
40.882777, -73.881628
40.884571, -73.889529
40.885087, -73.889485
40.885172, -73.891235
40.884476, -73.892537
40.882802, -73.892762
40.884482, -73.895058
40.888935, -73.898162
40.890415, -73.897324
40.891334, -73.895774
40.890973, -73.894874
40.890639, -73.893674
40.896666, -73.895778
40.894323, -73.884523
40.887606, -73.874198
40.889461, -73.872114
40.88885, -73.869712
40.886883, -73.870443
40.88837, -73.864673
40.891084, -73.859491
40.886548, -73.854631
40.884663, -73.849195
40.886334, -73.848161
40.885339, -73.843751
40.888577, -73.836581
40.889033, -73.832568
40.882331, -73.822455
40.87866, -73.823474
40.875808, -73.826545
40.875508, -73.827827
40.874076, -73.827841
40.876934, -73.828541
40.878547, -73.828533
40.865702, -73.837803
40.858463, -73.8512
40.8625, -73.8575
40.865723, -73.861752
40.867717, -73.867467
40.862333, -73.867653
40.858371, -73.868228
40.856105, -73.867285
40.854828, -73.86753
40.854563, -73.868057
40.854018, -73.87025
40.851692, -73.869353
40.851207, -73.870515
40.852033, -73.877147
40.851491, -73.879368
40.852391, -73.879758
40.852507, -73.880503
40.853679, -73.879516
40.854102, -73.879527
40.850173, -73.877288
40.849376, -73.878731
40.848503, -73.879278
40.847785, -73.877657
40.845819, -73.877502
40.843704, -73.880806
40.844261, -73.883161
40.844344, -73.88476
40.846454, -73.885814
40.847115, -73.886453
40.846643, -73.8887
40.848707, -73.885153
40.848659, -73.882567
40.852277, -73.887064
40.85426, -73.88723
40.855015, -73.887151
40.852372, -73.890163
40.849943, -73.892673
40.852182, -73.895259
40.852808, -73.894695
40.850507, -73.899059
40.849861, -73.901637
40.849342, -73.90228
40.847907, -73.90147
40.846917, -73.90012
40.846616, -73.898142
40.84533, -73.897748
40.847125, -73.895837
40.848145, -73.89764
40.846082, -73.893781
40.84619, -73.893194
40.843242, -73.89631
40.843042, -73.899026
40.84194, -73.90193
40.841313, -73.904171
40.840965, -73.905596
40.843495, -73.907788
40.846173, -73.904639
40.848881, -73.906048
40.851601, -73.90463
40.854837, -73.903605
40.855083, -73.900939
40.85394, -73.900295
40.861117, -73.903488
40.862626, -73.904023
40.862917, -73.905072
40.863457, -73.905818
40.863758, -73.904894
40.864541, -73.901621
40.866878, -73.906352
40.869055, -73.904246
40.873531, -73.911018
40.874589, -73.910658
40.875601, -73.907944
40.873866, -73.917486
40.874571, -73.919165
40.871672, -73.91706
40.869281, -73.915268
40.868822, -73.915519
40.86731, -73.916626
40.86687, -73.916719
40.867504, -73.918974
40.868556, -73.918048
40.865503, -73.921948
40.864798, -73.92185
40.865015, -73.923916
40.866903, -73.925546
40.866877, -73.926384
40.867369, -73.926248
40.866772, -73.927517
40.867349, -73.928038
40.866977, -73.928573
40.866077, -73.929535
40.864521, -73.928874
40.863616, -73.926367
40.861487, -73.92691
40.861181, -73.925527
40.861935, -73.924351
40.862424, -73.922943
40.860231, -73.922879
40.860528, -73.919595
40.862789, -73.919923
40.862462, -73.916323
40.862441, -73.914362
40.858819, -73.91256
40.858341, -73.912838
40.85821, -73.915174
40.856543, -73.9107
40.854948, -73.920009
40.857699, -73.921939
40.854306, -73.926248
40.853518, -73.926607
40.851497, -73.926946
40.855671, -73.930281
40.856412, -73.929957
40.85768, -73.931954
40.858067, -73.935082
40.861954, -73.933077
40.860884, -73.929005
40.867305, -73.932651
40.870353, -73.931809
40.872516, -73.930231
40.872883, -73.924499
40.87292, -73.923737
40.875289, -73.924934
40.878784, -73.920081
40.878672, -73.917069
40.881933, -73.918538
40.88296, -73.918531
40.88635, -73.917024
40.887145, -73.915624
40.888244, -73.91535
40.875273, -73.887363
40.874348, -73.88566
40.873889, -73.883216
40.865646, -73.886648
40.865282, -73.888502
40.859518, -73.876034
40.857723, -73.875186
40.859918, -73.873497
40.847923, -73.864923
40.848822, -73.854106
40.850643, -73.851847
40.848629, -73.844129
40.842878, -73.846322
40.841477, -73.843366
40.838918, -73.841055
40.83388, -73.835092
40.835053, -73.832129
40.837873, -73.830682
40.838346, -73.829057
40.834176, -73.825551
40.832553, -73.82767
40.835236, -73.820627
40.842238, -73.81988
40.829076, -73.814493
40.821481, -73.808911
40.815937, -73.814449
40.81266, -73.822797
40.823091, -73.829199
40.826229, -73.832783
40.826232, -73.833305
40.824061, -73.844523
40.819383, -73.849422
40.819355, -73.852803
40.817673, -73.846545
40.817932, -73.845806
40.817511, -73.844393
40.81501, -73.84726
40.807891, -73.850181
40.819183, -73.868103
40.819977, -73.87243
40.818981, -73.877807
40.818454, -73.879264
40.818654, -73.887644
40.820712, -73.888179
40.824336, -73.89063
40.827151, -73.882902
40.828148, -73.881847
40.828686, -73.881012
40.828733, -73.880075
40.826164, -73.878698
40.826753, -73.87692
40.827117, -73.873299
40.829489, -73.875657
40.835652, -73.870749
40.841797, -73.874415
40.841152, -73.876544
40.841315, -73.885314
40.839008, -73.888575
40.831013, -73.891696
40.816856, -73.892541
40.816184, -73.889596
40.81242, -73.904546
40.812569, -73.905125
40.812522, -73.908205
40.814282, -73.908566
40.815072, -73.908533
40.797291, -73.916906
40.795195, -73.918048
40.794521, -73.919193
40.793744, -73.920974
40.792506, -73.923444
40.792013, -73.926927
40.800098, -73.925727
40.794658, -73.914939
40.785917, -73.91521
40.785091, -73.916383
40.781228, -73.918792
40.780198, -73.911686
40.791682, -73.948681
40.787509, -73.955157
40.788911, -73.961437
40.7905, -73.963844
40.788334, -73.966593
40.788792, -73.967972
40.788415, -73.968554
40.789435, -73.96961
40.787931, -73.973653
40.788788, -73.975298
40.789288, -73.97533
40.789199, -73.976174
40.789998, -73.976289
40.790344, -73.975647
40.789001, -73.977563
40.786905, -73.975425
40.790634, -73.980451
40.792346, -73.979543
40.793426, -73.978597
40.788915, -73.982923
40.785242, -73.98547
40.783599, -73.984469
40.78355, -73.983573
40.784048, -73.983389
40.782902, -73.984475
40.783521, -73.986305
40.780768, -73.984911
40.799316, -73.975548
40.793187, -73.960354
40.792147, -73.959969
40.791891, -73.961101
40.793086, -73.957524
40.77545, -73.958398
40.713417, -73.934185
40.714587, -73.928202
40.71505, -73.927784
40.714306, -73.927365
40.758789, -73.87328
40.780022, -73.844324
40.777423, -73.838085
40.776014, -73.837447
40.776266, -73.825539
40.775958, -73.823577
40.78254, -73.794627
40.787327, -73.791062
40.788368, -73.784083
40.788813, -73.782211
40.789602, -73.780725
40.791446, -73.780785
40.792893, -73.77817
40.79172, -73.775383
40.790535, -73.773771
40.790326, -73.773437
40.783304, -73.772031
40.781955, -73.770655
40.779661, -73.778241
40.779186, -73.779876
40.778375, -73.779033
40.778063, -73.781352
40.780395, -73.783044
40.773433, -73.7849
40.767206, -73.790605
40.76556, -73.788944
40.765722, -73.794512
40.77337, -73.769607
40.758309, -73.749095
40.756773, -73.747351
40.755362, -73.744048
40.756737, -73.742978
40.742816, -73.749036
40.739649, -73.743215
40.738855, -73.737677
40.738907, -73.735304
40.734621, -73.733871
40.732063, -73.731825
40.72861, -73.736008
40.726363, -73.735006
40.723242, -73.735972
40.718041, -73.735548
40.717376, -73.735243
40.713098, -73.734613
40.709078, -73.738295
40.711321, -73.742457
40.703099, -73.743187
40.698152, -73.744307
40.694839, -73.739561
40.69606, -73.736507
40.698862, -73.732513
40.690458, -73.72126
40.690987, -73.72041
40.691268, -73.719181
40.690669, -73.717918
40.683056, -73.726005
40.68531, -73.733825
40.68843, -73.742691
40.676964, -73.745699
40.676024, -73.739678
40.670547, -73.736175
40.663711, -73.74105
40.662045, -73.743329
40.65924, -73.741962
40.645978, -73.735897
40.645304, -73.736543
40.644412, -73.730577
40.653281, -73.723575
40.659421, -73.709934
40.661725, -73.708743
40.662465, -73.706057
40.664296, -73.701322
40.665005, -73.700995
40.666437, -73.70071
40.666813, -73.70216
40.667913, -73.701954
40.668274, -73.70092
40.669614, -73.697823
40.672149, -73.698483
40.672194, -73.697757
40.674752, -73.697105
40.679297, -73.693268
40.680708, -73.693476
40.681403, -73.686153
40.681759, -73.685941
40.684946, -73.688493
40.690163, -73.690776
40.694374, -73.681997
40.701357, -73.672051
40.708355, -73.676771
40.708764, -73.677824
40.712182, -73.676679
40.713333, -73.672793
40.717739, -73.68001
40.721647, -73.682909
40.720484, -73.694856
40.716004, -73.695691
40.715867, -73.695257
40.714501, -73.69529
40.717156, -73.699449
40.710607, -73.698359
40.70964, -73.696244
40.706046, -73.690552
40.70812, -73.68881
40.703706, -73.688858
40.707444, -73.704552
40.708039, -73.714169
40.71151, -73.726664
40.726272, -73.727577
40.72588348, -73.71811162
40.733157, -73.717851
40.737002, -73.710858
40.739267, -73.700787
40.743526, -73.692762
40.751001, -73.68415
40.75409, -73.68799
40.756941, -73.687008
40.755848, -73.682408
40.758586, -73.691832
40.755623, -73.697257
40.75605, -73.704063
40.75724, -73.705048
40.75468, -73.708292
40.753629, -73.709612
40.751979, -73.710742
40.72772, -73.706512
40.727194, -73.704463
40.726825, -73.704507
40.726405, -73.707993
40.722721, -73.706657
40.72621, -73.695763
40.725586, -73.695001
40.731452, -73.68603
40.733217, -73.680393
40.731008, -73.674251
40.732252, -73.668171
40.739117, -73.666416
40.740034, -73.66493
40.738272, -73.658864
40.738385, -73.652273
40.737369, -73.647535
40.743616, -73.64643
40.748171, -73.643611
40.749278, -73.641622
40.756816, -73.640753
40.764963, -73.641091
40.770271, -73.653589
40.76061, -73.658971
40.767144, -73.672195
40.748674, -73.672952
40.726315, -73.64998
40.726521, -73.646727
40.722413, -73.642528
40.721086, -73.649164
40.721944, -73.651665
40.721204, -73.652051
40.721614, -73.652979
40.717862, -73.651839
40.712558, -73.654353
40.713022, -73.642466
40.69929, -73.659789
40.696331, -73.659821
40.688191, -73.667819
40.685833, -73.668234
40.679515, -73.664732
40.674974, -73.661152
40.671828, -73.652758
40.664272, -73.658459
40.660116, -73.653153
40.659031, -73.647542
40.658557, -73.647347
40.659419, -73.645701
40.660898, -73.645174
40.65691, -73.64505
40.656103, -73.643741
40.657111, -73.643322
40.655203, -73.645906
40.657342, -73.639368
40.652563, -73.65471
40.651696, -73.655946
40.656685, -73.657776
40.649046, -73.666964
40.647476, -73.671184
40.641023, -73.666661
40.635887, -73.667966
40.635463, -73.665221
40.63388, -73.662237
40.633329, -73.660732
40.63255, -73.661128
40.634614, -73.660701
40.634695, -73.660102
40.636404, -73.657258
40.635275, -73.654591
40.635637, -73.653947
40.640559, -73.656314
40.640869, -73.658007
40.641435, -73.659685
40.643553, -73.658965
40.647632, -73.650105
40.642966, -73.639833
40.629393, -73.651947
40.624949, -73.654676
40.627177, -73.662078
40.62849, -73.661989
40.604935, -73.657541
40.600681, -73.657659
40.593695, -73.667639
40.590957, -73.664202
40.58967, -73.667153
40.58823101, -73.6660558
40.583967, -73.671137
40.586008, -73.678401
40.58389, -73.680903
40.583852, -73.685737
40.58462, -73.689067
40.586659, -73.684153
40.58836, -73.683711
40.588663, -73.6837
40.585929, -73.694946
40.585518, -73.709051
40.589328, -73.729498
40.587093, -73.739951
40.595448, -73.744049
40.595364, -73.745279
40.595471, -73.745827
40.594529, -73.749526
40.600474, -73.753549
40.602359, -73.753159
40.60468, -73.754152
40.604988, -73.752803
40.606822, -73.750164
40.603155, -73.747513
40.602301, -73.75801
40.598148, -73.767784
40.599476, -73.7687
40.596315, -73.771181
40.594539, -73.771083
40.596082, -73.773556
40.59702, -73.775783
40.597045, -73.779521
40.59644, -73.779953
40.594794, -73.78472
40.594775, -73.786044
40.59324, -73.786863
40.58843, -73.789839
40.587491, -73.796389
40.591109, -73.79774
40.595119, -73.793392
40.587385, -73.802959
40.586426, -73.801995
40.586114, -73.807102
40.585919, -73.807643
40.587912, -73.809723
40.585779, -73.812562
40.584481, -73.812236
40.586534, -73.814929
40.586369, -73.815872
40.587539, -73.817181
40.585052, -73.818974
40.584803, -73.819892
40.583525, -73.820418
40.582721, -73.81829
40.582412, -73.824035
40.582294, -73.824376
40.580556, -73.825871
40.576768, -73.839472
40.578639, -73.841672
40.573188, -73.864289
40.567153, -73.868205
40.565956, -73.889152
40.566468, -73.88936
40.561444, -73.893318
40.556378, -73.916756
40.556345, -73.917965
40.554196, -73.924552
40.552154, -73.930569
40.583732, -73.931565
40.586848, -73.934346
40.588272, -73.934868
40.598289, -73.930996
40.599531, -73.932371
40.601295, -73.932344
40.602464, -73.93313
40.603075, -73.93314
40.604812, -73.932836
40.604172, -73.93052
40.604026, -73.928784
40.607635, -73.922974
40.60959, -73.921258
40.619847, -73.910504
40.619836, -73.909574
40.619494, -73.909397
40.618269, -73.898881
40.6179, -73.898713
40.637953, -73.913689
40.592977, -73.887936
40.594389, -73.881759
40.610358, -73.819264
40.611932, -73.819206
40.601462, -73.77531
40.603297, -73.769145
40.592509, -73.774933
40.591928, -73.775233
40.591468, -73.769905
40.614823, -73.761794
40.61763, -73.757896
40.616203, -73.738287
40.61901, -73.736573
40.617804, -73.731098
40.617938, -73.729335
40.623419, -73.725426
40.626611, -73.729264
40.61147, -73.724362
40.608871, -73.734507
40.620235, -73.699891
40.63167, -73.7071
40.637778, -73.7025
40.640685, -73.694556
40.645348, -73.68984
40.645095, -73.688143
40.646826, -73.690186
40.650207, -73.689897
40.658512, -73.685789
40.659029, -73.686179
40.65957, -73.685766
40.658897, -73.686939
40.657285, -73.680092
40.657325, -73.679214
40.658327, -73.675527
40.658764, -73.675297
40.656993, -73.672206
40.654829, -73.674739
40.656787, -73.700139
40.661352, -73.699516
40.663245, -73.697971
40.672433, -73.688962
40.676265, -73.713804
40.673709, -73.725457
40.688904, -73.75944
40.686946, -73.769638
40.685693, -73.772692
40.680218, -73.77507
40.676991, -73.769299
40.673906, -73.773877
40.668307, -73.7697
40.659612, -73.761475
40.653458, -73.767721
40.649948, -73.782482
40.649477, -73.782887
40.643594, -73.781424
40.643283, -73.781441
40.643154, -73.779107
40.642394, -73.778347
40.642643, -73.791282
40.646504, -73.791308
40.647308, -73.793431
40.649392, -73.794508
40.651085, -73.807292
40.652759, -73.808419
40.653138, -73.808686
40.66775, -73.795794
40.667347, -73.794241
40.673759, -73.79317
40.67603, -73.790722
40.674372, -73.787373
40.673521, -73.788089
40.676182, -73.784607
40.680268, -73.786904
40.68147, -73.791761
40.683641, -73.792423
40.688272, -73.784837
40.693357, -73.778133
40.696513, -73.782038
40.701744, -73.784389
40.702754, -73.783668
40.708065, -73.784064
40.708741, -73.786181
40.715295, -73.778758
40.713776, -73.776891
40.711652, -73.771357
40.711362, -73.769832
40.710114, -73.771331
40.71312, -73.769397
40.707939, -73.762822
40.706106, -73.757179
40.706289, -73.756944
40.70664, -73.755068
40.706459, -73.753476
40.706911, -73.752338
40.713351, -73.757381
40.721365, -73.757886
40.729295, -73.762704
40.73326, -73.760364
40.730748, -73.753636
40.730647, -73.750379
40.735051, -73.751606
40.743457, -73.761714
40.746287, -73.767467
40.749096, -73.764664
40.730083, -73.772375
40.730422, -73.774163
40.730343, -73.775824
40.72937, -73.776824
40.706642, -73.774345
40.674936, -73.799629
40.674643, -73.803027
40.806033, -73.79509
40.807387, -73.791371
40.808434, -73.798099
40.810514, -73.762743
40.813562, -73.763122
40.81446, -73.761847
40.816336, -73.757221
40.816777, -73.755958
40.816146, -73.746856
40.814148, -73.744691
40.810029, -73.750522
40.808368, -73.750486
40.803929, -73.735791
40.802801, -73.734564
40.802331, -73.732392
40.837617, -73.783057
40.844719, -73.785735
40.846931, -73.785839
40.847497, -73.784512
40.84992, -73.789322
40.86681, -73.794037
40.862823, -73.807656
40.885076, -73.791136
40.891033, -73.784431
40.89289, -73.785915
40.88832, -73.779937
40.887728, -73.779337
40.886942, -73.779866
40.900616, -73.81908
40.907925, -73.821576
40.90851, -73.830127
40.910547, -73.834797
40.909353, -73.838529
40.908313, -73.840246
40.909394, -73.842265
40.912855, -73.843128
40.907167, -73.836261
40.905552, -73.837732
40.900151, -73.835996
40.899457, -73.832969
40.902645, -73.83017
40.89982, -73.842421
40.903381, -73.848808
40.900838, -73.854669
40.84681, -73.910872
40.846347, -73.912282
40.849278, -73.920942
40.843531, -73.923846
40.8437, -73.924571
40.842806, -73.925671
40.84709, -73.931452
40.846055, -73.932587
40.844296, -73.933476
40.715433, -74.049736
40.699838, -74.040716
40.699735, -74.03874
40.689927, -74.04461
40.690131, -74.046044
40.688712, -74.043924
40.628042, -74.126543
40.639244, -74.170012
40.583347, -74.099746
40.577856, -74.077588
