40.744167, -74.006951
40.742413, -74.005371
40.740853, -74.004537
40.740249, -74.00409
40.740002, -74.005018
40.739562, -74.001828
40.739943, -74.001241
40.739246, -74.00093
40.739482, -73.998006
40.740189, -73.997792
40.741477, -73.996768
40.742642, -73.99821
40.743674, -73.996905
40.744316, -73.99525
40.745062, -73.994747
40.746641, -73.994019
40.746259, -73.993172
40.745846, -73.992474
40.745004, -73.992086
40.747039, -73.990543
40.747895, -73.991194
40.748088, -73.993583
40.749159, -73.994284
40.749286, -73.994807
40.750548, -73.99569
40.751541, -73.99318
40.752779, -73.994327
40.75318, -73.994061
40.753842, -73.993926
40.75412498, -73.99250141
40.754573, -73.992018
40.755171, -73.991115
40.754904, -73.990229
40.755839, -73.990147
40.756636, -73.987712
40.756504, -73.986474
40.75799862, -73.98894971
40.758178, -73.989665
40.759282, -73.989057
40.758872, -73.987877
40.759292, -73.990427
40.760163, -73.992919
40.761444, -73.995498
40.760852, -73.996577
40.760794, -73.997651
40.762932, -73.996986
40.763773, -73.997158
40.763982, -73.998552
40.764964, -73.999727
40.764719, -74.000813
40.764194, -74.001776
40.765568, -74.002281
40.764252, -73.994371
40.765016, -73.991353
40.766202, -73.991317
40.767061, -73.989409
40.769165, -73.98828
40.769864, -73.987733
40.770745, -73.988895
40.771892, -73.989465
40.772902, -73.991194
40.773112, -73.993575
40.770672, -73.993114
40.774082, -73.98842
40.776707, -73.989509
40.777498, -73.989893
40.776767, -73.98587
40.778725, -73.985106
40.778352, -73.982306
40.77802, -73.981828
40.777395, -73.981048
40.776512, -73.980501
40.77473, -73.981921
40.774014, -73.98105
40.773611, -73.981376
40.773596, -73.98187
40.773999, -73.980164
40.772943, -73.980243
40.773143, -73.977798
40.772373, -73.977395
40.772756, -73.976297
40.772878, -73.975149
40.772909, -73.974634
40.770713, -73.973503
40.771506, -73.972015
40.772894, -73.970479
40.774715, -73.969325
40.774598, -73.968942
40.775272, -73.968873
40.77679, -73.968756
40.777436, -73.968654
40.776989, -73.969749
40.778695, -73.967674
40.745123, -73.951697
40.744915, -73.953121
40.744095, -73.955051
40.742839, -73.953971
40.741903, -73.951188
40.751488, -73.951898
40.747005, -73.952815
40.744194, -73.958413
40.744074, -73.95953
40.741601, -73.960106
40.739907, -73.980031
40.739641, -73.981277
40.74005, -73.98325
40.740972, -73.982615
40.741626, -73.983725
40.742454, -73.984924
40.742318, -73.985179
40.742494, -73.985751
40.742794, -73.98707
40.741727, -73.987248
40.740454, -73.985982
40.740479, -73.984814
40.739546, -73.988642
40.739807, -73.987758
40.739409, -73.990154
40.741323, -73.990762
40.742113, -73.991269
40.742687, -73.98898
40.742934, -73.988738
40.743486, -73.989203
40.74441, -73.986449
40.744359, -73.985579
40.745056, -73.985889
40.746393, -73.987321
40.745774, -73.988216
40.74606, -73.988445
40.747085, -73.988346
40.74927198, -73.98927764
40.749783, -73.990061
40.750268, -73.989249
40.751076, -73.989097
40.750624, -73.988241
40.750913, -73.990131
40.752321, -73.98804
40.753416, -73.986853
40.75424, -73.98804
40.753794, -73.988795
40.754433, -73.984219
40.754565, -73.983112
40.75525, -73.981217
40.755441, -73.981233
40.756113, -73.981258
40.756561, -73.981622
40.756558, -73.982285
40.756679, -73.980725
40.755527, -73.979187
40.754335, -73.978368
40.75403694, -73.97650216
40.75543, -73.976411
40.755263, -73.975631
40.75651, -73.975242
40.757528, -73.976953
40.758398, -73.97867
40.758903, -73.978976
40.75957, -73.978003
40.760008, -73.977142
40.760754, -73.974899
40.761425, -73.974639
40.761659, -73.975184
40.76161, -73.973391
40.7624743, -73.972037
40.763737, -73.971899
40.764627, -73.971696
40.765049, -73.970799
40.765651, -73.970303
40.765998, -73.971561
40.766646, -73.972993
40.765733, -73.973636
40.765336, -73.97567
40.763929, -73.974416
40.763478, -73.974454
40.76365, -73.976891
40.76282581, -73.978806
40.763431, -73.981223
40.764298, -73.980751
40.764783, -73.982452
40.766033, -73.981658
40.765837, -73.980381
40.765833, -73.979444
40.765363, -73.978619
40.764838, -73.978604
40.766344, -73.978148
40.767873, -73.980416
40.767534, -73.981055
40.767145, -73.98352
40.767033, -73.983986
40.767627, -73.985467
40.769767, -73.985652
40.770474, -73.984861
40.771013, -73.98379
40.771311, -73.98354
40.773284, -73.98404
40.774798, -73.984643
40.775172, -73.983035
40.778776, -73.974313
40.775427, -73.974789
40.775166, -73.97264
40.774691, -73.971947
40.774003, -73.966597
40.772813, -73.964535
40.774745, -73.963425
40.775819, -73.961934
40.775781, -73.965102
40.778175, -73.964637
40.778429, -73.964099
40.778613, -73.961718
40.778439, -73.96127
40.778389, -73.960755
40.77871, -73.959991
40.777876, -73.956029
40.776013, -73.956509
40.775973, -73.955065
40.773756, -73.956339
40.772565, -73.957163
40.771785, -73.956403
40.771089, -73.959448
40.772218, -73.960229
40.771884, -73.961799
40.769323, -73.962023
40.767995, -73.962615
40.767272, -73.962097
40.766672, -73.961526
40.767642, -73.959876
40.768754, -73.960104
40.769126, -73.959503
40.767592, -73.963821
40.768285, -73.964852
40.767838, -73.96558
40.768291, -73.967236
40.767045, -73.96771
40.76697, -73.969542
40.767259, -73.970532
40.767767, -73.972897
40.768997, -73.976549
40.769458, -73.978332
40.769737, -73.978737
40.770041, -73.978507
40.770058, -73.978494
40.770802, -73.977751
40.770735, -73.969027
40.769791, -73.964518
40.765739, -73.964708
40.765388, -73.966591
40.76468772, -73.9664579
40.764164, -73.96714
40.764557, -73.967651
40.763752, -73.969455
40.762009, -73.969277
40.76128417, -73.9684685
40.760867, -73.969531
40.760063, -73.967927
40.75922, -73.968413
40.758294, -73.968702
40.758543, -73.96715
40.75967, -73.966489
40.757785, -73.965921
40.757019, -73.966174
40.756276, -73.965741
40.755866, -73.964438
40.754807, -73.965717
40.75382, -73.963913
40.753518, -73.963082
40.755847, -73.961258
40.757393, -73.963865
40.758964, -73.962669
40.759314, -73.960833
40.75964, -73.9606
40.759052, -73.95816
40.761207, -73.957636
40.76163, -73.956932
40.762886, -73.958307
40.763767, -73.960344
40.764883, -73.962406
40.76351, -73.965713
40.761662, -73.960292
40.763317, -73.95577
40.764765, -73.955694
40.765365, -73.958547
40.768925, -73.954675
40.769579, -73.951904
40.770807, -73.951426
40.770977, -73.950614
40.773173, -73.952375
40.775784, -73.950684
40.778673, -73.950964
40.759756, -73.951079
40.760129, -73.952617
40.755469, -73.956713
40.752769, -73.957574
40.752238, -73.959298
40.751374, -73.965587
40.750398, -73.966229
40.75043, -73.967997
40.748967, -73.967507
40.747637, -73.968835
40.74792, -73.97068
40.748885, -73.971798
40.750352, -73.972045
40.75169, -73.972455
40.75252, -73.973412
40.752538, -73.974394
40.752612, -73.976976
40.751825, -73.978112
40.750755, -73.978052
40.750447, -73.977883
40.750377, -73.977353
40.749814, -73.979863
40.749799, -73.980201
40.750675, -73.979945
40.751497, -73.979928
40.751834, -73.981183
40.752897, -73.981065
40.752619, -73.983233
40.751177, -73.982403
40.75023, -73.982698
40.749117, -73.982429
40.748006, -73.98389
40.747175, -73.981275
40.746737, -73.980136
40.745592, -73.980132
40.744784, -73.981629
40.743691, -73.982813
40.744138, -73.983297
40.742874, -73.983197
40.74243, -73.981773
40.742771, -73.981125
40.74179, -73.980774
40.741498, -73.981023
40.742431, -73.973976
40.745003, -73.975329
40.745157, -73.974911
40.745256, -73.973287
40.746146, -73.972936
40.746894, -73.976678
40.747777, -73.977262
40.748174, -73.977154
40.747814, -73.979452
40.750112, -73.973873
40.752216, -73.970648
40.752511, -73.97045
40.752891, -73.970616
40.753148, -73.968564
40.752581, -73.967444
40.754386, -73.969045
40.756963, -73.96934
40.758323, -73.970652
40.757079, -73.972118
40.754743, -73.973515
40.758246, -73.980109
40.758578, -73.983359
40.757774, -73.983589
40.761529, -73.986007
40.761801, -73.987088
40.763311, -73.986315
40.762437, -73.984201
40.76175, -73.981419
40.7627, -73.989278
40.764727, -73.989658
40.758998, -73.995688
40.757556, -73.994318
40.75694, -73.994759
40.756812, -73.993127
40.757552, -73.998125
40.758143, -73.999552
40.757053, -74.000206
40.754187, -74.001175
40.753429, -74.00064
40.752967, -74.00146
40.752533, -74.001295
40.752083, -74.000993
40.751645, -74.000027
40.752503, -74.002111
40.750783, -74.002823
40.750561, -74.00294
40.750898, -74.004111
40.749286, -74.001772
40.749521, -73.999681
40.746905, -74.000359
40.746703, -74.002147
40.74753, -74.003379
40.745927, -74.004078
40.747461, -74.006089
40.744222, -73.999805
40.753202, -73.996242
40.77545, -73.958398
